100
160.8 60.1 10.03 60.05 40.07 100.09 30.01 20.02 100.04 90.06 20.06 40.02 50.1 90.07 100.03 10.02 10.04 20.05 50.06 70.06 70.09 60.02 10.08 30.05 50.02 60.03 70.1 70.03 90.09 10.07 100.01 80.01 60.02 20.01 30.08 10.03 100.08 40.09 10.05 100.02 50.1 50.06 50.08 60.02 10.02 20.06 50.08 10.01 40.1 100.04 60.1 80.07 100.03 70.03 80.09 100.1 10.04 40.03 40.02 10.07 70.06 60.09 60.08 10.05 10.1 20.01 40.05 40.05 20.01 90.09 40.03 40.06 90.09 30.03 40.1 70.05 100.07 40.05 10.1 10.1 30.01 60.06 80.04 60.09 100.08 80.04 20.06 80.1 50.02 100.04 60.09 30.07 20.09 50.1 90.06 10.08 70.08 100.07 20.02 80.04 0.970809593325811
89.0 120.6 10.07 60.1 40.04 100.06 30.07 20.09 100.06 90.1 20.08 40.07 50.06 90.1 100.1 10.02 10.09 20.02 50.07 70.02 70.01 60.1 10.09 30.05 50.1 60.06 70.08 70.01 90.09 10.06 100.06 80.09 60.04 20.08 30.03 10.03 100.04 40.05 10.09 100.07 50.01 50.09 50.07 60.07 10.02 20.05 50.05 10.1 40.09 100.06 60.07 80.01 100.07 70.07 80.03 100.07 10.06 40.1 40.05 10.05 70.09 60.01 60.06 10.08 10.02 20.07 40.07 40.09 20.05 90.08 40.04 40.01 90.09 30.03 40.04 70.1 100.04 40.09 10.1 10.09 30.1 60.08 80.01 60.06 100.01 80.04 20.1 80.04 50.06 100.04 60.05 30.02 20.07 50.06 90.02 10.03 70.03 100.09 20.08 80.08 0.6997170745867257
88.0 69.0 20.1 60.08 40.05 100.05 30.02 20.03 100.1 90.08 20.06 40.04 50.07 90.06 100.01 10.08 10.05 20.03 50.01 70.02 70.02 60.08 10.03 30.09 50.04 60.01 70.09 70.05 90.03 10.05 100.02 80.01 60.05 20.02 30.06 10.1 100.09 40.07 10.06 100.07 50.05 50.04 50.09 60.08 10.03 20.09 50.08 10.08 40.05 100.01 60.05 80.01 100.02 70.07 80.04 100.07 10.07 40.08 40.06 10.05 70.02 60.1 60.02 10.09 10.02 20.08 40.03 40.05 20.09 90.04 40.02 40.04 90.1 30.03 40.08 70.1 100.04 40.03 10.04 10.06 30.08 60.07 80.08 60.04 100.01 80.03 20.07 80.02 50.1 100.05 60.06 30.03 20.06 50.1 90.02 10.09 70.03 100.05 20.04 80.03 0.45385414444154537
85.0 67.0 11.0 120.6 40.07 100.03 30.08 20.07 100.04 90.08 20.09 40.06 50.02 90.04 100.04 10.09 10.1 20.02 50.07 70.03 70.02 60.08 10.05 30.06 50.02 60.05 70.08 70.08 90.01 10.01 100.03 80.03 60.07 20.05 30.09 10.01 100.06 40.07 10.1 100.08 50.08 50.08 50.01 60.05 10.07 20.01 50.1 10.03 40.05 100.08 60.04 80.04 100.09 70.01 80.09 100.07 10.03 40.07 40.07 10.05 70.04 60.08 60.1 10.01 10.04 20.07 40.04 40.05 20.02 90.06 40.06 40.1 90.01 30.05 40.05 70.03 100.09 40.1 10.1 10.04 30.03 60.03 80.05 60.02 100.05 80.09 20.1 80.09 50.05 100.06 60.08 30.07 20.07 50.01 90.08 10.06 70.1 100.05 20.04 80.03 0.051879767927349274
86.0 69.0 12.0 69.0 80.4 100.07 30.09 20.06 100.1 90.05 20.04 40.03 50.03 90.08 100.01 10.09 10.01 20.06 50.01 70.09 70.03 60.05 10.03 30.09 50.02 60.05 70.02 70.01 90.06 10.04 100.06 80.02 60.07 20.07 30.06 10.07 100.01 40.05 10.06 100.07 50.02 50.03 50.09 60.09 10.03 20.05 50.07 10.05 40.02 100.05 60.01 80.01 100.08 70.03 80.01 100.01 10.08 40.01 40.05 10.03 70.1 60.1 60.03 10.08 10.01 20.01 40.07 40.07 20.05 90.09 40.01 40.09 90.03 30.01 40.03 70.07 100.02 40.02 10.06 10.02 30.09 60.04 80.05 60.06 100.06 80.02 20.04 80.09 50.09 100.01 60.07 30.04 20.01 50.02 90.08 10.01 70.06 100.07 20.05 80.1 0.9553855528007913
88.0 64.0 20.0 69.0 41.0 201.0 30.06 20.06 100.07 90.05 20.03 40.02 50.04 90.05 100.03 10.04 10.03 20.07 50.05 70.09 70.08 60.07 10.08 30.06 50.03 60.02 70.08 70.04 90.09 10.02 100.01 80.08 60.04 20.08 30.02 10.01 100.06 40.02 10.1 100.06 50.06 50.02 50.02 60.04 10.03 20.1 50.02 10.04 40.03 100.08 60.1 80.04 100.01 70.09 80.01 100.01 10.1 40.09 40.04 10.04 70.03 60.04 60.01 10.05 10.08 20.07 40.08 40.02 20.06 90.02 40.09 40.05 90.03 30.08 40.07 70.01 100.07 40.01 10.05 10.09 30.06 60.05 80.07 60.04 100.1 80.05 20.1 80.08 50.05 100.09 60.07 30.04 20.01 50.03 90.09 10.06 70.05 100.01 20.09 80.06 0.5859389595074572
81.0 62.0 11.0 66.0 42.0 103.0 60.3 20.03 100.05 90.05 20.08 40.02 50.04 90.03 100.03 10.06 10.04 20.08 50.02 70.08 70.01 60.04 10.01 30.04 50.07 60.08 70.08 70.1 90.07 10.08 100.04 80.09 60.01 20.04 30.06 10.07 100.02 40.05 10.09 100.06 50.02 50.05 50.02 60.07 10.03 20.1 50.04 10.01 40.01 100.09 60.1 80.01 100.08 70.1 80.07 100.1 10.08 40.09 40.09 10.06 70.08 60.02 60.09 10.07 10.02 20.09 40.01 40.01 20.04 90.05 40.04 40.09 90.08 30.1 40.05 70.03 100.08 40.01 10.1 10.03 30.05 60.04 80.04 60.08 100.02 80.05 20.09 80.07 50.09 100.04 60.03 30.02 20.05 50.02 90.02 10.04 70.03 100.02 20.1 80.04 0.49545330935211607
81.0 61.0 15.0 68.0 43.0 103.0 38.0 40.2 100.03 90.06 20.07 40.08 50.01 90.02 100.05 10.06 10.06 20.06 50.07 70.05 70.02 60.03 10.05 30.07 50.07 60.1 70.01 70.03 90.09 10.02 100.1 80.08 60.07 20.01 30.06 10.07 100.03 40.02 10.1 100.03 50.03 50.03 50.07 60.05 10.01 20.08 50.03 10.1 40.01 100.09 60.08 80.04 100.07 70.04 80.09 100.04 10.06 40.08 40.01 10.03 70.08 60.09 60.02 10.07 10.09 20.06 40.07 40.02 20.05 90.07 40.01 40.05 90.06 30.08 40.05 70.05 100.07 40.1 10.05 10.07 30.01 60.07 80.05 60.1 100.08 80.01 20.06 80.04 50.06 100.07 60.01 30.03 20.03 50.06 90.07 10.09 70.04 100.07 20.07 80.04 0.861556583546729
81.0 68.0 14.0 68.0 49.0 109.0 34.0 21.0 201.0 90.08 20.01 40.02 50.07 90.08 100.02 10.09 10.06 20.01 50.08 70.06 70.08 60.07 10.06 30.03 50.1 60.03 70.03 70.07 90.07 10.08 100.04 80.04 60.02 20.07 30.08 10.1 100.04 40.01 10.05 100.02 50.06 50.1 50.04 60.01 10.04 20.02 50.06 10.07 40.04 100.1 60.02 80.08 100.06 70.09 80.09 100.07 10.04 40.04 40.03 10.07 70.08 60.06 60.03 10.01 10.05 20.05 40.02 40.1 20.03 90.04 40.1 40.06 90.08 30.07 40.05 70.03 100.1 40.03 10.03 10.06 30.07 60.1 80.05 60.03 100.01 80.04 20.09 80.04 50.05 100.01 60.07 30.02 20.1 50.07 90.1 10.06 70.09 100.01 20.04 80.02 0.4967437411382257
83.0 65.0 18.0 68.0 47.0 103.0 37.0 27.0 107.0 180.9 20.07 40.06 50.01 90.06 100.06 10.08 10.05 20.06 50.04 70.01 70.06 60.01 10.07 30.07 50.07 60.09 70.01 70.01 90.09 10.04 100.1 80.01 60.09 20.01 30.1 10.09 100.05 40.08 10.04 100.02 50.04 50.08 50.07 60.04 10.07 20.1 50.04 10.02 40.09 100.06 60.08 80.08 100.01 70.08 80.04 100.07 10.05 40.02 40.02 10.01 70.02 60.01 60.09 10.02 10.09 20.06 40.09 40.08 20.1 90.03 40.05 40.07 90.06 30.01 40.08 70.01 100.01 40.01 10.09 10.02 30.1 60.01 80.09 60.08 100.07 80.09 20.08 80.02 50.06 100.05 60.04 30.08 20.01 50.01 90.08 10.09 70.05 100.06 20.02 80.04 0.1848670765177589
87.0 68.0 12.0 64.0 42.0 107.0 32.0 22.0 108.0 91.0 40.2 40.02 50.1 90.09 100.01 10.01 10.07 20.1 50.1 70.08 70.09 60.02 10.06 30.1 50.01 60.05 70.09 70.04 90.08 10.02 100.05 80.01 60.06 20.04 30.05 10.08 100.03 40.05 10.08 100.02 50.05 50.1 50.08 60.1 10.09 20.07 50.06 10.01 40.1 100.09 60.08 80.04 100.03 70.04 80.09 100.06 10.07 40.03 40.05 10.04 70.07 60.01 60.01 10.06 10.04 20.06 40.06 40.07 20.04 90.08 40.08 40.08 90.08 30.07 40.06 70.08 100.08 40.1 10.01 10.02 30.07 60.08 80.02 60.01 100.04 80.1 20.1 80.08 50.03 100.1 60.03 30.08 20.08 50.09 90.01 10.07 70.03 100.02 20.07 80.08 0.6462802324209055
87.0 70.0 12.0 65.0 47.0 106.0 40.0 25.0 103.0 94.0 29.0 80.4 50.06 90.02 100.04 10.07 10.07 20.08 50.01 70.06 70.02 60.01 10.01 30.01 50.01 60.08 70.05 70.09 90.01 10.05 100.09 80.09 60.04 20.03 30.09 10.09 100.03 40.07 10.05 100.06 50.07 50.07 50.08 60.05 10.03 20.09 50.09 10.09 40.07 100.1 60.03 80.04 100.09 70.04 80.05 100.1 10.05 40.09 40.05 10.05 70.02 60.09 60.08 10.08 10.04 20.07 40.09 40.08 20.07 90.06 40.04 40.06 90.01 30.03 40.1 70.1 100.08 40.04 10.03 10.04 30.06 60.05 80.09 60.01 100.02 80.05 20.09 80.02 50.01 100.06 60.03 30.07 20.09 50.1 90.08 10.01 70.07 100.06 20.04 80.05 0.44865359729247356
85.0 68.0 17.0 68.0 45.0 102.0 40.0 27.0 104.0 91.0 26.0 46.0 100.5 90.05 100.04 10.08 10.06 20.06 50.01 70.08 70.09 60.06 10.06 30.05 50.07 60.06 70.07 70.08 90.01 10.01 100.1 80.05 60.01 20.07 30.08 10.03 100.02 40.1 10.05 100.06 50.09 50.08 50.04 60.07 10.03 20.1 50.07 10.1 40.1 100.06 60.01 80.1 100.05 70.04 80.1 100.02 10.02 40.05 40.04 10.01 70.02 60.06 60.05 10.02 10.07 20.1 40.05 40.02 20.02 90.1 40.05 40.02 90.07 30.1 40.05 70.03 100.01 40.02 10.04 10.07 30.07 60.06 80.04 60.1 100.03 80.09 20.07 80.08 50.01 100.09 60.09 30.07 20.1 50.05 90.03 10.08 70.09 100.09 20.01 80.03 0.807087152322304
87.0 70.0 12.0 66.0 48.0 101.0 37.0 24.0 107.0 95.0 25.0 45.0 57.0 180.9 100.02 10.02 10.02 20.09 50.01 70.01 70.02 60.06 10.02 30.09 50.07 60.09 70.1 70.05 90.06 10.07 100.05 80.03 60.03 20.09 30.08 10.05 100.05 40.1 10.1 100.04 50.06 50.07 50.08 60.03 10.07 20.08 50.06 10.06 40.07 100.07 60.04 80.01 100.01 70.06 80.03 100.03 10.1 40.04 40.01 10.09 70.08 60.06 60.09 10.09 10.02 20.05 40.02 40.07 20.08 90.03 40.02 40.01 90.1 30.08 40.02 70.03 100.04 40.06 10.05 10.08 30.09 60.07 80.07 60.02 100.08 80.1 20.02 80.09 50.02 100.06 60.07 30.02 20.02 50.01 90.02 10.03 70.02 100.07 20.02 80.09 0.6711826798443966
87.0 65.0 19.0 64.0 44.0 105.0 32.0 25.0 102.0 93.0 28.0 42.0 53.0 94.0 201.0 10.01 10.03 20.01 50.06 70.09 70.02 60.02 10.04 30.05 50.09 60.07 70.03 70.03 90.08 10.06 100.07 80.1 60.06 20.04 30.09 10.03 100.04 40.1 10.08 100.08 50.1 50.09 50.02 60.01 10.07 20.04 50.08 10.08 40.01 100.02 60.03 80.1 100.1 70.01 80.04 100.06 10.01 40.09 40.09 10.1 70.04 60.03 60.08 10.01 10.01 20.1 40.09 40.08 20.02 90.08 40.01 40.07 90.08 30.06 40.02 70.02 100.05 40.1 10.06 10.08 30.09 60.07 80.08 60.02 100.03 80.07 20.03 80.01 50.07 100.1 60.1 30.08 20.04 50.04 90.05 10.07 70.06 100.04 20.02 80.01 0.5730834735826605
88.0 65.0 20.0 68.0 45.0 102.0 32.0 22.0 105.0 98.0 25.0 49.0 52.0 93.0 105.0 20.1 10.03 20.08 50.07 70.08 70.02 60.07 10.02 30.02 50.04 60.02 70.03 70.1 90.06 10.03 100.01 80.05 60.05 20.02 30.07 10.02 100.09 40.08 10.08 100.01 50.07 50.05 50.1 60.03 10.04 20.03 50.02 10.02 40.05 100.05 60.07 80.01 100.03 70.05 80.08 100.08 10.04 40.03 40.04 10.01 70.03 60.1 60.03 10.05 10.08 20.03 40.07 40.07 20.07 90.08 40.08 40.01 90.06 30.06 40.06 70.07 100.08 40.1 10.06 10.1 30.08 60.08 80.02 60.03 100.08 80.04 20.01 80.08 50.08 100.02 60.1 30.06 20.05 50.08 90.03 10.1 70.01 100.07 20.01 80.07 0.6206202951619458
85.0 64.0 20.0 64.0 41.0 101.0 32.0 24.0 109.0 97.0 25.0 49.0 55.0 100.0 109.0 19.0 20.1 20.05 50.1 70.01 70.06 60.05 10.07 30.03 50.08 60.01 70.07 70.09 90.07 10.08 100.06 80.08 60.04 20.09 30.04 10.05 100.1 40.06 10.04 100.08 50.08 50.09 50.03 60.02 10.06 20.06 50.03 10.02 40.09 100.09 60.1 80.01 100.03 70.01 80.01 100.07 10.01 40.03 40.06 10.06 70.02 60.03 60.04 10.08 10.01 20.02 40.05 40.06 20.06 90.07 40.06 40.09 90.09 30.03 40.09 70.1 100.01 40.02 10.01 10.07 30.08 60.07 80.03 60.02 100.1 80.09 20.01 80.02 50.07 100.09 60.06 30.04 20.02 50.08 90.07 10.04 70.07 100.03 20.06 80.07 0.8176711870941553
87.0 68.0 14.0 68.0 48.0 109.0 36.0 29.0 105.0 94.0 25.0 46.0 57.0 99.0 101.0 11.0 17.0 40.2 50.02 70.03 70.03 60.01 10.1 30.02 50.06 60.07 70.01 70.08 90.09 10.07 100.06 80.04 60.06 20.09 30.09 10.08 100.04 40.09 10.03 100.06 50.05 50.01 50.08 60.1 10.02 20.03 50.05 10.09 40.07 100.08 60.01 80.03 100.01 70.1 80.02 100.06 10.1 40.04 40.09 10.08 70.02 60.03 60.08 10.05 10.06 20.01 40.07 40.01 20.01 90.04 40.02 40.03 90.07 30.09 40.02 70.05 100.1 40.06 10.01 10.02 30.03 60.02 80.08 60.06 100.04 80.08 20.06 80.05 50.1 100.01 60.04 30.1 20.07 50.06 90.06 10.1 70.1 100.06 20.07 80.06 0.2955240878483588
85.0 61.0 15.0 68.0 44.0 107.0 36.0 25.0 108.0 96.0 26.0 42.0 51.0 91.0 106.0 18.0 17.0 25.0 100.5 70.02 70.02 60.02 10.08 30.09 50.1 60.06 70.01 70.09 90.04 10.1 100.04 80.05 60.1 20.01 30.05 10.09 100.05 40.01 10.05 100.09 50.06 50.04 50.07 60.02 10.03 20.05 50.09 10.06 40.03 100.05 60.06 80.07 100.1 70.07 80.04 100.02 10.07 40.05 40.1 10.02 70.06 60.05 60.03 10.07 10.03 20.09 40.1 40.04 20.05 90.09 40.09 40.02 90.06 30.05 40.1 70.01 100.08 40.02 10.07 10.07 30.06 60.1 80.06 60.08 100.02 80.1 20.1 80.09 50.04 100.02 60.06 30.07 20.06 50.04 90.08 10.02 70.04 100.06 20.1 80.07 0.3862310336483219
87.0 68.0 15.0 67.0 45.0 106.0 36.0 29.0 101.0 93.0 23.0 47.0 57.0 92.0 110.0 15.0 18.0 27.0 57.0 140.7 70.03 60.02 10.07 30.03 50.04 60.09 70.02 70.08 90.03 10.07 100.01 80.06 60.06 20.02 30.01 10.09 100.01 40.09 10.05 100.02 50.07 50.08 50.06 60.08 10.09 20.04 50.1 10.08 40.02 100.04 60.05 80.1 100.01 70.03 80.07 100.06 10.03 40.05 40.07 10.1 70.08 60.09 60.09 10.05 10.1 20.1 40.02 40.02 20.06 90.05 40.04 40.07 90.06 30.04 40.05 70.05 100.1 40.04 10.02 10.07 30.01 60.09 80.04 60.06 100.04 80.01 20.03 80.1 50.04 100.05 60.02 30.01 20.01 50.03 90.08 10.03 70.04 100.01 20.09 80.02 0.3826055691036325
89.0 64.0 20.0 62.0 48.0 108.0 33.0 23.0 101.0 92.0 27.0 41.0 58.0 93.0 103.0 15.0 17.0 27.0 60.0 77.0 140.7 60.07 10.08 30.05 50.01 60.01 70.03 70.03 90.1 10.04 100.07 80.05 60.01 20.05 30.02 10.04 100.08 40.07 10.01 100.08 50.1 50.08 50.09 60.07 10.05 20.05 50.03 10.07 40.04 100.09 60.09 80.04 100.07 70.01 80.02 100.09 10.07 40.05 40.02 10.02 70.03 60.04 60.06 10.03 10.07 20.07 40.1 40.06 20.03 90.09 40.02 40.07 90.08 30.04 40.06 70.04 100.02 40.01 10.05 10.09 30.05 60.05 80.03 60.07 100.06 80.01 20.04 80.05 50.04 100.05 60.02 30.03 20.02 50.05 90.03 10.04 70.06 100.1 20.01 80.09 0.40391354359572906
89.0 65.0 13.0 62.0 46.0 107.0 33.0 30.0 101.0 93.0 25.0 44.0 52.0 99.0 110.0 20.0 20.0 25.0 54.0 75.0 78.0 120.6 10.08 30.02 50.07 60.04 70.05 70.06 90.04 10.08 100.02 80.05 60.03 20.02 30.09 10.03 100.02 40.09 10.03 100.08 50.07 50.09 50.06 60.09 10.05 20.03 50.01 10.04 40.08 100.02 60.07 80.01 100.08 70.04 80.1 100.03 10.09 40.09 40.04 10.03 70.1 60.05 60.09 10.03 10.01 20.02 40.05 40.02 20.01 90.06 40.06 40.03 90.05 30.05 40.09 70.04 100.09 40.05 10.02 10.09 30.02 60.1 80.06 60.1 100.08 80.02 20.09 80.03 50.03 100.02 60.09 30.03 20.08 50.1 90.09 10.03 70.06 100.08 20.05 80.02 0.058202837681412545
81.0 63.0 14.0 70.0 48.0 109.0 37.0 21.0 106.0 94.0 26.0 50.0 57.0 95.0 103.0 14.0 14.0 24.0 57.0 72.0 78.0 63.0 20.1 30.01 50.02 60.01 70.05 70.07 90.07 10.02 100.05 80.06 60.06 20.06 30.05 10.06 100.02 40.04 10.01 100.07 50.06 50.04 50.09 60.06 10.05 20.06 50.01 10.02 40.07 100.03 60.1 80.05 100.05 70.08 80.06 100.04 10.08 40.04 40.03 10.06 70.1 60.08 60.06 10.06 10.01 20.04 40.05 40.05 20.06 90.03 40.03 40.1 90.05 30.1 40.09 70.03 100.07 40.03 10.08 10.04 30.1 60.05 80.06 60.04 100.08 80.04 20.1 80.08 50.05 100.05 60.02 30.06 20.03 50.09 90.1 10.04 70.02 100.08 20.03 80.03 0.7036628177773616
85.0 63.0 20.0 68.0 47.0 107.0 37.0 28.0 101.0 94.0 26.0 43.0 60.0 92.0 107.0 15.0 19.0 22.0 59.0 79.0 71.0 64.0 17.0 60.3 50.03 60.08 70.03 70.02 90.01 10.05 100.02 80.05 60.03 20.07 30.05 10.02 100.08 40.09 10.01 100.08 50.02 50.06 50.04 60.02 10.09 20.03 50.06 10.02 40.02 100.07 60.09 80.05 100.04 70.05 80.1 100.04 10.01 40.05 40.04 10.03 70.02 60.1 60.08 10.02 10.01 20.02 40.07 40.01 20.08 90.04 40.03 40.04 90.03 30.01 40.08 70.01 100.08 40.04 10.04 10.02 30.06 60.01 80.04 60.08 100.02 80.08 20.06 80.05 50.09 100.1 60.1 30.01 20.08 50.03 90.01 10.01 70.08 100.07 20.1 80.1 0.5397461907701397
81.0 66.0 14.0 63.0 48.0 104.0 38.0 27.0 101.0 92.0 23.0 41.0 55.0 97.0 106.0 17.0 17.0 25.0 53.0 72.0 74.0 61.0 18.0 38.0 100.5 60.09 70.03 70.07 90.03 10.02 100.09 80.07 60.05 20.09 30.09 10.07 100.01 40.01 10.03 100.09 50.09 50.08 50.03 60.09 10.09 20.03 50.03 10.07 40.09 100.05 60.04 80.02 100.03 70.08 80.02 100.06 10.09 40.08 40.09 10.04 70.05 60.07 60.06 10.06 10.1 20.06 40.02 40.07 20.07 90.04 40.01 40.03 90.09 30.05 40.05 70.1 100.08 40.04 10.06 10.08 30.02 60.01 80.05 60.02 100.07 80.03 20.08 80.02 50.01 100.06 60.09 30.01 20.04 50.07 90.05 10.06 70.04 100.09 20.1 80.08 0.5943447348710154
81.0 69.0 13.0 65.0 44.0 102.0 31.0 21.0 104.0 95.0 24.0 42.0 59.0 96.0 104.0 13.0 16.0 21.0 51.0 74.0 75.0 70.0 17.0 37.0 57.0 120.6 70.06 70.08 90.1 10.02 100.08 80.07 60.02 20.1 30.01 10.01 100.07 40.1 10.07 100.02 50.05 50.02 50.03 60.09 10.02 20.02 50.08 10.03 40.1 100.08 60.08 80.07 100.01 70.01 80.01 100.05 10.09 40.08 40.1 10.01 70.02 60.01 60.1 10.02 10.04 20.07 40.02 40.07 20.08 90.07 40.04 40.01 90.02 30.01 40.04 70.07 100.07 40.01 10.05 10.04 30.08 60.05 80.01 60.01 100.02 80.04 20.06 80.01 50.08 100.04 60.1 30.05 20.07 50.07 90.01 10.08 70.01 100.07 20.1 80.08 0.6005077123429918
83.0 64.0 14.0 64.0 50.0 102.0 33.0 30.0 108.0 96.0 22.0 42.0 57.0 92.0 101.0 12.0 14.0 21.0 56.0 72.0 77.0 62.0 17.0 38.0 57.0 68.0 140.7 70.03 90.09 10.04 100.08 80.04 60.08 20.09 30.06 10.05 100.02 40.1 10.06 100.01 50.05 50.09 50.01 60.03 10.05 20.09 50.02 10.04 40.07 100.06 60.03 80.09 100.1 70.09 80.05 100.09 10.05 40.01 40.1 10.05 70.07 60.09 60.09 10.03 10.04 20.09 40.08 40.05 20.08 90.03 40.02 40.1 90.05 30.09 40.08 70.03 100.02 40.03 10.1 10.1 30.1 60.02 80.06 60.05 100.02 80.02 20.07 80.04 50.1 100.03 60.03 30.01 20.09 50.05 90.08 10.02 70.1 100.03 20.05 80.08 0.7886651089053925
84.0 64.0 11.0 70.0 46.0 104.0 33.0 21.0 109.0 95.0 25.0 41.0 53.0 94.0 110.0 17.0 20.0 27.0 51.0 76.0 73.0 67.0 20.0 36.0 59.0 65.0 75.0 140.7 90.07 10.08 100.07 80.08 60.1 20.07 30.06 10.09 100.02 40.05 10.08 100.09 50.08 50.07 50.05 60.01 10.01 20.04 50.02 10.06 40.09 100.09 60.07 80.05 100.04 70.04 80.09 100.06 10.05 40.07 40.09 10.05 70.02 60.08 60.09 10.1 10.08 20.08 40.01 40.05 20.01 90.01 40.07 40.1 90.03 30.1 40.01 70.04 100.04 40.04 10.03 10.1 30.04 60.08 80.06 60.1 100.07 80.04 20.04 80.03 50.06 100.09 60.08 30.01 20.09 50.03 90.03 10.07 70.03 100.05 20.05 80.09 0.45310910967320916
85.0 63.0 19.0 68.0 45.0 104.0 35.0 25.0 110.0 96.0 30.0 48.0 59.0 99.0 106.0 13.0 18.0 24.0 58.0 72.0 72.0 68.0 19.0 35.0 59.0 70.0 76.0 79.0 180.9 10.07 100.05 80.03 60.06 20.02 30.06 10.03 100.09 40.02 10.04 100.03 50.05 50.09 50.06 60.08 10.07 20.01 50.1 10.08 40.1 100.04 60.1 80.05 100.02 70.07 80.09 100.04 10.04 40.02 40.05 10.05 70.1 60.09 60.1 10.07 10.1 20.04 40.1 40.02 20.03 90.03 40.05 40.06 90.1 30.01 40.08 70.05 100.06 40.07 10.04 10.06 30.03 60.04 80.07 60.06 100.01 80.07 20.01 80.02 50.06 100.06 60.08 30.05 20.03 50.02 90.03 10.02 70.03 100.02 20.06 80.06 0.6482880209394859
81.0 61.0 15.0 68.0 44.0 108.0 36.0 22.0 102.0 99.0 25.0 43.0 60.0 94.0 102.0 19.0 16.0 24.0 51.0 72.0 75.0 68.0 12.0 36.0 53.0 67.0 77.0 79.0 99.0 20.1 100.07 80.01 60.03 20.01 30.03 10.05 100.1 40.09 10.09 100.03 50.02 50.05 50.02 60.04 10.04 20.03 50.03 10.07 40.01 100.09 60.01 80.1 100.07 70.02 80.08 100.03 10.07 40.09 40.01 10.01 70.04 60.06 60.02 10.06 10.06 20.04 40.06 40.07 20.02 90.01 40.04 40.05 90.08 30.04 40.03 70.07 100.05 40.02 10.04 10.01 30.04 60.09 80.07 60.04 100.01 80.01 20.02 80.05 50.05 100.05 60.04 30.08 20.1 50.06 90.04 10.05 70.1 100.04 20.02 80.05 0.3671093498507437
83.0 61.0 20.0 65.0 45.0 107.0 34.0 30.0 102.0 99.0 25.0 41.0 56.0 94.0 107.0 16.0 15.0 23.0 52.0 77.0 73.0 65.0 11.0 39.0 56.0 68.0 73.0 72.0 91.0 18.0 201.0 80.09 60.02 20.06 30.01 10.06 100.04 40.04 10.01 100.05 50.05 50.07 50.03 60.1 10.08 20.1 50.04 10.02 40.08 100.06 60.03 80.01 100.03 70.1 80.07 100.07 10.08 40.01 40.03 10.01 70.04 60.07 60.05 10.1 10.05 20.03 40.02 40.1 20.03 90.08 40.01 40.09 90.05 30.09 40.01 70.08 100.06 40.04 10.07 10.03 30.01 60.08 80.08 60.04 100.06 80.08 20.05 80.04 50.04 100.07 60.07 30.07 20.09 50.03 90.07 10.07 70.04 100.04 20.03 80.06 0.0855612745501565
83.0 62.0 20.0 68.0 43.0 106.0 32.0 29.0 101.0 98.0 28.0 42.0 56.0 98.0 106.0 20.0 11.0 28.0 51.0 76.0 75.0 68.0 18.0 33.0 59.0 61.0 80.0 80.0 98.0 12.0 106.0 160.8 60.1 20.03 30.08 10.01 100.07 40.05 10.04 100.08 50.07 50.07 50.06 60.04 10.01 20.1 50.07 10.09 40.07 100.05 60.09 80.05 100.09 70.1 80.04 100.02 10.08 40.05 40.07 10.07 70.07 60.09 60.08 10.02 10.09 20.06 40.03 40.09 20.09 90.03 40.01 40.09 90.04 30.07 40.09 70.09 100.1 40.07 10.04 10.09 30.05 60.03 80.09 60.07 100.09 80.1 20.09 80.06 50.08 100.1 60.07 30.04 20.05 50.1 90.02 10.04 70.05 100.04 20.05 80.05 0.13149104676109147
84.0 70.0 20.0 65.0 47.0 107.0 33.0 30.0 102.0 96.0 29.0 46.0 52.0 91.0 101.0 17.0 16.0 29.0 56.0 74.0 78.0 66.0 16.0 38.0 54.0 70.0 74.0 74.0 95.0 17.0 104.0 87.0 120.6 20.05 30.08 10.09 100.03 40.09 10.02 100.1 50.07 50.06 50.07 60.02 10.09 20.09 50.05 10.05 40.01 100.05 60.08 80.07 100.02 70.04 80.07 100.01 10.09 40.03 40.08 10.08 70.08 60.01 60.05 10.07 10.04 20.07 40.03 40.03 20.07 90.03 40.03 40.1 90.07 30.07 40.04 70.08 100.08 40.01 10.04 10.07 30.1 60.03 80.09 60.02 100.09 80.05 20.03 80.1 50.01 100.04 60.04 30.02 20.01 50.06 90.03 10.1 70.03 100.03 20.08 80.07 0.9806413747466735
87.0 70.0 15.0 67.0 49.0 107.0 33.0 25.0 102.0 91.0 25.0 41.0 59.0 95.0 108.0 18.0 15.0 22.0 60.0 75.0 72.0 67.0 14.0 31.0 57.0 68.0 78.0 76.0 95.0 12.0 101.0 82.0 68.0 40.2 30.06 10.02 100.01 40.1 10.09 100.08 50.05 50.09 50.06 60.06 10.08 20.1 50.05 10.01 40.06 100.08 60.09 80.08 100.09 70.05 80.06 100.06 10.07 40.09 40.03 10.03 70.03 60.09 60.05 10.07 10.09 20.01 40.02 40.01 20.1 90.06 40.1 40.09 90.03 30.09 40.06 70.04 100.06 40.05 10.05 10.08 30.09 60.07 80.03 60.07 100.07 80.02 20.04 80.08 50.03 100.01 60.06 30.1 20.05 50.06 90.02 10.07 70.01 100.01 20.04 80.03 0.4394304466700648
89.0 62.0 11.0 70.0 44.0 103.0 34.0 23.0 104.0 99.0 26.0 49.0 57.0 99.0 105.0 14.0 11.0 23.0 52.0 80.0 80.0 65.0 19.0 35.0 55.0 69.0 71.0 74.0 98.0 19.0 106.0 82.0 67.0 28.0 60.3 10.08 100.08 40.07 10.04 100.03 50.02 50.04 50.05 60.09 10.1 20.05 50.02 10.02 40.03 100.08 60.07 80.07 100.05 70.05 80.01 100.08 10.1 40.09 40.09 10.08 70.1 60.07 60.09 10.06 10.03 20.1 40.05 40.1 20.04 90.02 40.1 40.06 90.01 30.08 40.09 70.07 100.1 40.03 10.05 10.08 30.08 60.09 80.07 60.1 100.02 80.09 20.02 80.09 50.06 100.04 60.09 30.03 20.05 50.04 90.04 10.09 70.07 100.06 20.1 80.02 0.3255948575076062
84.0 63.0 18.0 63.0 45.0 104.0 33.0 22.0 110.0 99.0 25.0 44.0 52.0 100.0 110.0 16.0 20.0 21.0 58.0 71.0 75.0 63.0 17.0 40.0 57.0 62.0 78.0 75.0 97.0 11.0 104.0 89.0 69.0 23.0 35.0 20.1 100.07 40.02 10.03 100.09 50.04 50.09 50.02 60.06 10.1 20.04 50.02 10.08 40.05 100.04 60.07 80.05 100.01 70.09 80.03 100.03 10.07 40.05 40.07 10.01 70.01 60.09 60.08 10.1 10.05 20.04 40.05 40.05 20.08 90.03 40.01 40.09 90.03 30.04 40.05 70.1 100.03 40.07 10.02 10.04 30.09 60.02 80.04 60.07 100.08 80.1 20.08 80.01 50.01 100.05 60.09 30.01 20.03 50.01 90.04 10.04 70.06 100.1 20.03 80.08 0.2746833698322756
89.0 62.0 20.0 68.0 43.0 104.0 33.0 27.0 110.0 100.0 25.0 46.0 59.0 97.0 106.0 19.0 17.0 23.0 55.0 78.0 75.0 61.0 17.0 36.0 53.0 66.0 76.0 71.0 91.0 17.0 110.0 82.0 69.0 26.0 31.0 17.0 201.0 40.1 10.09 100.05 50.05 50.02 50.02 60.01 10.04 20.04 50.04 10.02 40.05 100.1 60.06 80.09 100.09 70.02 80.01 100.08 10.09 40.08 40.09 10.03 70.01 60.09 60.04 10.04 10.04 20.07 40.1 40.02 20.02 90.1 40.05 40.1 90.05 30.1 40.1 70.09 100.06 40.04 10.06 10.01 30.03 60.02 80.09 60.07 100.03 80.09 20.02 80.01 50.08 100.09 60.1 30.03 20.06 50.05 90.03 10.06 70.09 100.09 20.02 80.04 0.9518553272679119
90.0 65.0 12.0 61.0 50.0 103.0 34.0 27.0 102.0 93.0 28.0 44.0 51.0 91.0 110.0 14.0 13.0 26.0 52.0 73.0 72.0 64.0 14.0 37.0 59.0 68.0 75.0 80.0 99.0 18.0 106.0 81.0 69.0 27.0 33.0 16.0 104.0 80.4 10.09 100.06 50.1 50.01 50.02 60.07 10.06 20.08 50.1 10.1 40.02 100.05 60.06 80.07 100.09 70.04 80.07 100.07 10.06 40.02 40.09 10.07 70.09 60.01 60.02 10.08 10.04 20.03 40.03 40.08 20.08 90.02 40.09 40.08 90.02 30.09 40.03 70.04 100.1 40.07 10.08 10.01 30.03 60.09 80.04 60.02 100.08 80.04 20.1 80.03 50.1 100.01 60.06 30.1 20.1 50.05 90.07 10.07 70.03 100.03 20.03 80.08 0.9136453457219851
89.0 69.0 15.0 61.0 41.0 106.0 33.0 21.0 104.0 98.0 24.0 45.0 56.0 99.0 101.0 17.0 11.0 30.0 55.0 75.0 72.0 66.0 19.0 38.0 51.0 66.0 79.0 79.0 91.0 16.0 107.0 83.0 65.0 29.0 33.0 16.0 102.0 45.0 20.1 100.05 50.02 50.08 50.05 60.1 10.05 20.06 50.06 10.06 40.02 100.02 60.05 80.06 100.01 70.02 80.1 100.09 10.1 40.03 40.06 10.1 70.1 60.01 60.06 10.05 10.09 20.01 40.02 40.02 20.02 90.05 40.03 40.02 90.06 30.04 40.03 70.1 100.08 40.03 10.05 10.09 30.04 60.09 80.03 60.1 100.07 80.01 20.07 80.04 50.1 100.07 60.02 30.03 20.07 50.04 90.04 10.04 70.08 100.07 20.1 80.03 0.593620901259329
86.0 64.0 12.0 61.0 44.0 105.0 32.0 21.0 106.0 92.0 25.0 41.0 60.0 99.0 108.0 19.0 16.0 22.0 53.0 76.0 80.0 62.0 17.0 38.0 58.0 64.0 71.0 75.0 96.0 18.0 108.0 87.0 67.0 21.0 33.0 17.0 101.0 42.0 20.0 201.0 50.03 50.09 50.07 60.07 10.02 20.03 50.01 10.04 40.05 100.07 60.04 80.02 100.03 70.02 80.1 100.03 10.01 40.06 40.07 10.04 70.03 60.07 60.06 10.09 10.03 20.09 40.03 40.04 20.02 90.01 40.04 40.07 90.01 30.06 40.03 70.03 100.06 40.06 10.09 10.03 30.03 60.04 80.02 60.08 100.05 80.06 20.03 80.07 50.07 100.04 60.07 30.08 20.07 50.1 90.04 10.09 70.06 100.02 20.1 80.07 0.4214490189656014
89.0 66.0 19.0 62.0 49.0 104.0 40.0 30.0 107.0 92.0 21.0 46.0 57.0 100.0 103.0 18.0 14.0 26.0 56.0 78.0 75.0 64.0 14.0 35.0 57.0 64.0 75.0 74.0 100.0 19.0 103.0 90.0 65.0 26.0 37.0 12.0 102.0 42.0 12.0 108.0 100.5 50.01 50.04 60.04 10.03 20.06 50.05 10.1 40.07 100.02 60.1 80.04 100.02 70.04 80.02 100.05 10.07 40.03 40.02 10.08 70.04 60.08 60.09 10.08 10.01 20.1 40.02 40.04 20.1 90.07 40.1 40.01 90.08 30.02 40.1 70.09 100.01 40.08 10.02 10.01 30.08 60.01 80.05 60.06 100.04 80.1 20.02 80.1 50.07 100.04 60.06 30.02 20.04 50.07 90.02 10.09 70.08 100.04 20.02 80.04 0.632062346707747
87.0 62.0 20.0 65.0 43.0 105.0 31.0 30.0 107.0 96.0 24.0 50.0 56.0 96.0 109.0 20.0 16.0 26.0 57.0 78.0 72.0 62.0 12.0 32.0 51.0 65.0 80.0 78.0 96.0 20.0 106.0 87.0 69.0 24.0 37.0 11.0 109.0 45.0 17.0 107.0 54.0 100.5 50.1 60.09 10.08 20.08 50.1 10.08 40.03 100.01 60.06 80.09 100.07 70.05 80.09 100.05 10.08 40.01 40.09 10.06 70.09 60.02 60.09 10.03 10.09 20.07 40.04 40.04 20.03 90.03 40.08 40.05 90.1 30.09 40.06 70.03 100.08 40.09 10.09 10.02 30.02 60.04 80.09 60.1 100.04 80.04 20.08 80.01 50.06 100.02 60.04 30.08 20.07 50.01 90.03 10.01 70.01 100.1 20.09 80.01 0.11890754670091774
86.0 68.0 15.0 69.0 42.0 103.0 40.0 24.0 108.0 99.0 30.0 49.0 57.0 97.0 103.0 19.0 19.0 26.0 51.0 80.0 77.0 69.0 13.0 40.0 52.0 67.0 75.0 73.0 95.0 11.0 105.0 85.0 66.0 25.0 31.0 11.0 110.0 47.0 19.0 108.0 59.0 56.0 100.5 60.1 10.07 20.1 50.05 10.08 40.1 100.05 60.02 80.07 100.07 70.07 80.01 100.07 10.09 40.09 40.01 10.05 70.07 60.1 60.04 10.01 10.04 20.08 40.05 40.06 20.05 90.1 40.02 40.06 90.08 30.09 40.1 70.04 100.07 40.03 10.08 10.09 30.1 60.1 80.06 60.04 100.02 80.08 20.03 80.05 50.01 100.04 60.06 30.06 20.06 50.07 90.03 10.04 70.07 100.03 20.01 80.05 0.41870864411087294
83.0 67.0 11.0 70.0 47.0 102.0 33.0 30.0 107.0 99.0 27.0 43.0 54.0 99.0 110.0 15.0 16.0 30.0 57.0 75.0 78.0 61.0 16.0 38.0 58.0 64.0 75.0 76.0 91.0 17.0 101.0 83.0 68.0 26.0 37.0 15.0 103.0 46.0 11.0 103.0 52.0 52.0 54.0 120.6 10.03 20.1 50.01 10.02 40.01 100.03 60.05 80.02 100.06 70.03 80.02 100.02 10.05 40.04 40.02 10.02 70.08 60.03 60.1 10.08 10.07 20.06 40.07 40.01 20.04 90.06 40.05 40.05 90.1 30.04 40.03 70.07 100.09 40.05 10.08 10.09 30.1 60.03 80.1 60.06 100.07 80.09 20.02 80.06 50.01 100.01 60.01 30.05 20.1 50.02 90.04 10.03 70.07 100.01 20.08 80.04 0.3588790433097725
87.0 70.0 16.0 64.0 49.0 103.0 36.0 27.0 108.0 97.0 28.0 46.0 55.0 91.0 101.0 18.0 20.0 23.0 52.0 71.0 75.0 63.0 15.0 35.0 54.0 62.0 73.0 75.0 97.0 12.0 103.0 85.0 61.0 28.0 36.0 12.0 110.0 41.0 14.0 108.0 55.0 57.0 59.0 61.0 20.1 20.09 50.06 10.1 40.08 100.02 60.06 80.01 100.03 70.07 80.02 100.08 10.08 40.08 40.04 10.04 70.09 60.09 60.04 10.09 10.02 20.1 40.1 40.1 20.02 90.07 40.06 40.07 90.1 30.03 40.05 70.01 100.1 40.02 10.06 10.06 30.06 60.05 80.09 60.08 100.09 80.06 20.03 80.09 50.1 100.09 60.06 30.07 20.1 50.1 90.02 10.08 70.09 100.02 20.01 80.08 0.900051543548141
84.0 63.0 18.0 65.0 41.0 106.0 31.0 25.0 105.0 100.0 29.0 45.0 60.0 97.0 103.0 11.0 18.0 29.0 57.0 80.0 72.0 62.0 18.0 37.0 57.0 66.0 77.0 74.0 100.0 15.0 107.0 89.0 61.0 22.0 37.0 14.0 108.0 49.0 15.0 102.0 57.0 52.0 52.0 70.0 14.0 40.2 50.07 10.09 40.01 100.02 60.01 80.03 100.01 70.05 80.05 100.02 10.06 40.04 40.02 10.05 70.07 60.04 60.05 10.1 10.08 20.02 40.09 40.01 20.1 90.04 40.03 40.08 90.02 30.03 40.05 70.09 100.02 40.07 10.02 10.07 30.02 60.01 80.08 60.06 100.08 80.05 20.05 80.09 50.03 100.07 60.05 30.04 20.06 50.06 90.09 10.01 70.06 100.07 20.03 80.03 0.09844989346907429
84.0 61.0 13.0 70.0 49.0 110.0 36.0 22.0 101.0 98.0 25.0 50.0 54.0 100.0 110.0 15.0 12.0 28.0 51.0 77.0 77.0 62.0 20.0 34.0 58.0 69.0 73.0 78.0 100.0 16.0 109.0 87.0 68.0 24.0 31.0 15.0 107.0 47.0 17.0 103.0 60.0 55.0 53.0 63.0 13.0 26.0 100.5 10.01 40.08 100.05 60.1 80.1 100.05 70.09 80.05 100.04 10.09 40.07 40.03 10.04 70.09 60.01 60.1 10.01 10.07 20.05 40.04 40.04 20.05 90.02 40.03 40.05 90.07 30.09 40.03 70.08 100.08 40.04 10.04 10.07 30.03 60.06 80.01 60.07 100.04 80.07 20.05 80.09 50.04 100.03 60.08 30.05 20.05 50.03 90.01 10.03 70.02 100.1 20.02 80.09 0.666540393914881
85.0 68.0 12.0 69.0 46.0 106.0 39.0 21.0 107.0 98.0 23.0 49.0 52.0 93.0 110.0 18.0 15.0 21.0 57.0 73.0 77.0 65.0 14.0 40.0 56.0 65.0 73.0 72.0 98.0 18.0 101.0 83.0 70.0 22.0 36.0 19.0 110.0 44.0 19.0 108.0 53.0 56.0 57.0 65.0 17.0 26.0 52.0 20.1 40.09 100.02 60.02 80.03 100.07 70.09 80.06 100.07 10.04 40.05 40.08 10.02 70.06 60.09 60.02 10.09 10.09 20.1 40.06 40.1 20.09 90.09 40.01 40.08 90.02 30.03 40.01 70.08 100.04 40.1 10.07 10.04 30.02 60.04 80.03 60.09 100.1 80.06 20.09 80.04 50.01 100.02 60.08 30.04 20.08 50.07 90.02 10.01 70.05 100.03 20.04 80.05 0.6273350342520918
83.0 62.0 19.0 65.0 47.0 101.0 38.0 27.0 108.0 95.0 26.0 42.0 54.0 98.0 109.0 14.0 13.0 24.0 57.0 73.0 76.0 69.0 14.0 35.0 56.0 65.0 75.0 73.0 97.0 13.0 103.0 89.0 69.0 23.0 39.0 16.0 102.0 48.0 14.0 104.0 51.0 58.0 58.0 67.0 14.0 21.0 51.0 19.0 80.4 100.09 60.06 80.04 100.1 70.02 80.08 100.03 10.02 40.07 40.07 10.04 70.02 60.05 60.1 10.07 10.03 20.1 40.03 40.05 20.06 90.1 40.06 40.07 90.02 30.1 40.08 70.08 100.02 40.05 10.01 10.09 30.08 60.06 80.05 60.05 100.05 80.08 20.02 80.08 50.04 100.08 60.04 30.01 20.03 50.05 90.1 10.04 70.01 100.05 20.05 80.1 0.9834161394034677
85.0 66.0 16.0 68.0 44.0 108.0 35.0 21.0 108.0 94.0 24.0 43.0 53.0 95.0 101.0 17.0 20.0 27.0 51.0 78.0 76.0 62.0 16.0 35.0 60.0 65.0 72.0 77.0 99.0 11.0 106.0 89.0 61.0 21.0 38.0 20.0 106.0 48.0 14.0 106.0 58.0 57.0 57.0 63.0 14.0 24.0 56.0 12.0 41.0 201.0 60.02 80.04 100.01 70.03 80.05 100.09 10.08 40.02 40.1 10.1 70.1 60.05 60.08 10.05 10.02 20.08 40.1 40.1 20.09 90.09 40.1 40.06 90.03 30.1 40.08 70.05 100.07 40.08 10.08 10.07 30.06 60.03 80.1 60.1 100.02 80.06 20.08 80.03 50.1 100.05 60.08 30.06 20.05 50.01 90.08 10.07 70.05 100.03 20.04 80.02 0.5067693850376546
84.0 70.0 16.0 63.0 43.0 103.0 38.0 21.0 105.0 96.0 28.0 46.0 57.0 91.0 106.0 18.0 12.0 29.0 51.0 72.0 74.0 66.0 15.0 38.0 53.0 69.0 79.0 72.0 95.0 16.0 108.0 88.0 61.0 24.0 40.0 16.0 107.0 45.0 20.0 108.0 52.0 57.0 52.0 63.0 14.0 23.0 55.0 20.0 47.0 109.0 120.6 80.04 100.02 70.03 80.09 100.09 10.05 40.02 40.08 10.08 70.03 60.02 60.1 10.02 10.08 20.03 40.06 40.07 20.04 90.01 40.07 40.07 90.08 30.01 40.06 70.06 100.03 40.03 10.01 10.04 30.1 60.03 80.07 60.06 100.09 80.01 20.05 80.03 50.09 100.08 60.05 30.02 20.1 50.06 90.07 10.08 70.06 100.04 20.03 80.03 0.03228293336186472
88.0 69.0 19.0 61.0 44.0 105.0 38.0 22.0 102.0 94.0 25.0 49.0 58.0 97.0 103.0 11.0 14.0 24.0 54.0 77.0 79.0 62.0 12.0 38.0 52.0 66.0 71.0 71.0 94.0 20.0 107.0 83.0 65.0 21.0 32.0 11.0 110.0 47.0 15.0 109.0 54.0 52.0 51.0 69.0 13.0 21.0 59.0 16.0 50.0 102.0 68.0 160.8 100.09 70.09 80.08 100.04 10.04 40.09 40.02 10.02 70.08 60.01 60.08 10.04 10.07 20.08 40.08 40.09 20.08 90.04 40.08 40.02 90.06 30.09 40.06 70.01 100.1 40.02 10.09 10.06 30.1 60.04 80.07 60.09 100.05 80.1 20.08 80.02 50.08 100.1 60.06 30.07 20.04 50.03 90.09 10.04 70.03 100.03 20.08 80.03 0.0920266257190735
84.0 64.0 17.0 66.0 42.0 106.0 34.0 22.0 110.0 99.0 29.0 47.0 53.0 91.0 107.0 15.0 14.0 27.0 55.0 73.0 75.0 66.0 13.0 35.0 57.0 66.0 80.0 75.0 92.0 20.0 109.0 86.0 66.0 29.0 34.0 16.0 102.0 41.0 12.0 103.0 59.0 56.0 54.0 63.0 11.0 26.0 51.0 13.0 50.0 102.0 63.0 82.0 201.0 70.07 80.06 100.02 10.06 40.06 40.01 10.02 70.03 60.05 60.09 10.09 10.05 20.02 40.03 40.09 20.05 90.08 40.08 40.01 90.01 30.01 40.07 70.04 100.05 40.04 10.06 10.07 30.05 60.06 80.07 60.09 100.09 80.03 20.05 80.08 50.07 100.1 60.09 30.1 20.01 50.01 90.07 10.08 70.1 100.02 20.06 80.08 0.7587436511283757
82.0 67.0 20.0 62.0 45.0 110.0 34.0 23.0 103.0 100.0 25.0 42.0 59.0 91.0 101.0 18.0 12.0 28.0 58.0 76.0 77.0 69.0 17.0 38.0 54.0 62.0 77.0 73.0 94.0 15.0 109.0 89.0 62.0 21.0 34.0 20.0 110.0 49.0 19.0 110.0 59.0 54.0 52.0 70.0 14.0 29.0 53.0 16.0 44.0 109.0 66.0 84.0 107.0 140.7 80.07 100.1 10.09 40.06 40.04 10.05 70.08 60.06 60.04 10.08 10.09 20.01 40.04 40.08 20.05 90.03 40.09 40.09 90.05 30.09 40.02 70.05 100.09 40.01 10.06 10.04 30.1 60.08 80.01 60.1 100.06 80.06 20.04 80.09 50.04 100.05 60.08 30.06 20.04 50.07 90.02 10.04 70.1 100.04 20.09 80.07 0.32552468285825276
86.0 66.0 12.0 62.0 46.0 107.0 32.0 24.0 108.0 97.0 25.0 43.0 53.0 99.0 109.0 16.0 16.0 24.0 60.0 77.0 78.0 70.0 12.0 39.0 58.0 66.0 74.0 71.0 97.0 11.0 101.0 85.0 70.0 23.0 36.0 19.0 103.0 49.0 12.0 109.0 58.0 55.0 52.0 70.0 12.0 23.0 51.0 15.0 44.0 110.0 68.0 86.0 102.0 80.0 160.8 100.06 10.09 40.01 40.01 10.04 70.07 60.03 60.08 10.09 10.07 20.1 40.08 40.04 20.06 90.06 40.06 40.06 90.03 30.01 40.08 70.01 100.09 40.02 10.09 10.02 30.08 60.1 80.1 60.06 100.07 80.07 20.05 80.03 50.03 100.03 60.06 30.05 20.05 50.04 90.07 10.02 70.1 100.08 20.04 80.01 0.6011950476557485
90.0 70.0 16.0 61.0 49.0 108.0 31.0 25.0 109.0 93.0 23.0 42.0 57.0 92.0 106.0 12.0 14.0 30.0 53.0 78.0 71.0 64.0 14.0 38.0 57.0 69.0 78.0 80.0 94.0 14.0 108.0 81.0 63.0 21.0 34.0 20.0 101.0 45.0 11.0 107.0 60.0 60.0 53.0 66.0 13.0 29.0 52.0 12.0 48.0 105.0 61.0 86.0 108.0 74.0 83.0 201.0 10.02 40.01 40.08 10.03 70.05 60.04 60.1 10.08 10.03 20.04 40.05 40.08 20.09 90.02 40.07 40.04 90.09 30.07 40.06 70.07 100.05 40.04 10.07 10.02 30.08 60.07 80.09 60.03 100.03 80.01 20.01 80.09 50.01 100.08 60.02 30.02 20.04 50.02 90.07 10.1 70.01 100.08 20.05 80.02 0.9785474530773599
87.0 67.0 14.0 62.0 43.0 108.0 34.0 22.0 104.0 93.0 25.0 43.0 52.0 97.0 105.0 18.0 11.0 25.0 55.0 74.0 79.0 68.0 16.0 32.0 57.0 69.0 79.0 78.0 100.0 20.0 101.0 86.0 66.0 25.0 39.0 16.0 102.0 45.0 12.0 109.0 51.0 58.0 56.0 66.0 16.0 21.0 57.0 19.0 43.0 109.0 69.0 90.0 106.0 74.0 85.0 101.0 20.1 40.06 40.08 10.03 70.02 60.08 60.02 10.08 10.06 20.03 40.08 40.08 20.04 90.03 40.1 40.1 90.03 30.03 40.09 70.08 100.02 40.02 10.06 10.01 30.03 60.01 80.06 60.05 100.09 80.08 20.1 80.01 50.06 100.09 60.1 30.04 20.09 50.09 90.03 10.05 70.03 100.06 20.03 80.01 0.8147040063260617
83.0 62.0 14.0 68.0 41.0 110.0 39.0 25.0 109.0 92.0 29.0 48.0 56.0 97.0 109.0 18.0 12.0 22.0 51.0 74.0 77.0 65.0 11.0 32.0 58.0 69.0 77.0 76.0 94.0 12.0 108.0 81.0 68.0 26.0 33.0 14.0 101.0 45.0 17.0 104.0 59.0 60.0 56.0 68.0 18.0 21.0 52.0 17.0 44.0 103.0 64.0 84.0 109.0 78.0 85.0 109.0 19.0 80.4 40.04 10.09 70.04 60.06 60.04 10.08 10.01 20.06 40.03 40.05 20.09 90.07 40.06 40.08 90.1 30.08 40.06 70.09 100.1 40.06 10.1 10.08 30.03 60.06 80.09 60.09 100.03 80.02 20.08 80.08 50.06 100.03 60.03 30.04 20.1 50.09 90.08 10.09 70.04 100.08 20.02 80.02 0.592420110175006
84.0 64.0 13.0 70.0 43.0 104.0 34.0 29.0 105.0 96.0 24.0 47.0 51.0 100.0 110.0 20.0 12.0 22.0 59.0 71.0 77.0 64.0 13.0 36.0 56.0 63.0 74.0 75.0 98.0 19.0 105.0 85.0 63.0 26.0 38.0 16.0 104.0 48.0 20.0 106.0 60.0 57.0 52.0 70.0 20.0 21.0 59.0 11.0 50.0 102.0 66.0 90.0 110.0 72.0 85.0 108.0 14.0 44.0 80.4 10.04 70.02 60.08 60.05 10.06 10.1 20.09 40.02 40.09 20.02 90.02 40.07 40.02 90.04 30.05 40.05 70.03 100.04 40.02 10.08 10.06 30.06 60.1 80.03 60.03 100.05 80.04 20.04 80.01 50.02 100.04 60.04 30.01 20.04 50.06 90.07 10.09 70.06 100.07 20.03 80.1 0.8997367122909942
84.0 65.0 16.0 63.0 44.0 104.0 33.0 26.0 107.0 98.0 21.0 50.0 51.0 96.0 103.0 19.0 18.0 23.0 55.0 72.0 76.0 69.0 13.0 36.0 53.0 67.0 76.0 73.0 91.0 17.0 105.0 82.0 69.0 25.0 31.0 19.0 108.0 42.0 11.0 107.0 55.0 54.0 56.0 64.0 12.0 24.0 56.0 16.0 41.0 105.0 61.0 87.0 106.0 77.0 86.0 109.0 18.0 49.0 42.0 20.1 70.04 60.03 60.04 10.05 10.1 20.05 40.08 40.07 20.01 90.01 40.02 40.05 90.09 30.06 40.06 70.03 100.07 40.09 10.07 10.05 30.03 60.03 80.1 60.03 100.07 80.03 20.03 80.09 50.08 100.06 60.09 30.03 20.01 50.06 90.09 10.05 70.02 100.07 20.05 80.02 0.8760814348287387
83.0 70.0 15.0 65.0 43.0 105.0 37.0 29.0 101.0 98.0 25.0 47.0 58.0 98.0 110.0 16.0 19.0 27.0 52.0 74.0 73.0 64.0 16.0 40.0 58.0 61.0 71.0 77.0 96.0 17.0 108.0 86.0 70.0 30.0 34.0 16.0 109.0 44.0 17.0 105.0 55.0 57.0 57.0 65.0 12.0 22.0 55.0 13.0 45.0 108.0 68.0 85.0 105.0 79.0 85.0 102.0 18.0 50.0 44.0 13.0 140.7 60.02 60.05 10.01 10.1 20.03 40.04 40.01 20.09 90.03 40.09 40.1 90.05 30.1 40.09 70.03 100.07 40.07 10.05 10.05 30.03 60.06 80.05 60.06 100.04 80.07 20.08 80.1 50.05 100.08 60.03 30.07 20.02 50.07 90.07 10.03 70.04 100.03 20.04 80.06 0.2723807642320052
90.0 67.0 15.0 66.0 43.0 105.0 31.0 22.0 108.0 99.0 21.0 43.0 52.0 94.0 102.0 20.0 19.0 22.0 51.0 76.0 78.0 65.0 13.0 37.0 52.0 68.0 77.0 72.0 97.0 20.0 105.0 89.0 61.0 30.0 38.0 13.0 110.0 48.0 14.0 109.0 57.0 59.0 57.0 61.0 19.0 25.0 56.0 19.0 42.0 101.0 69.0 83.0 109.0 74.0 82.0 108.0 13.0 50.0 49.0 17.0 73.0 120.6 60.04 10.01 10.01 20.08 40.04 40.03 20.04 90.08 40.08 40.04 90.06 30.04 40.07 70.08 100.02 40.04 10.03 10.03 30.04 60.1 80.04 60.1 100.03 80.1 20.06 80.01 50.08 100.03 60.07 30.01 20.05 50.05 90.04 10.04 70.09 100.09 20.02 80.1 0.6475446408770951
81.0 67.0 17.0 66.0 48.0 108.0 35.0 23.0 107.0 100.0 25.0 47.0 60.0 97.0 103.0 20.0 13.0 29.0 60.0 77.0 71.0 62.0 17.0 32.0 58.0 62.0 79.0 73.0 92.0 11.0 101.0 85.0 61.0 28.0 34.0 18.0 105.0 43.0 12.0 110.0 60.0 56.0 51.0 68.0 17.0 27.0 58.0 11.0 46.0 104.0 62.0 88.0 104.0 77.0 87.0 105.0 19.0 48.0 42.0 18.0 73.0 68.0 120.6 10.03 10.08 20.07 40.01 40.01 20.08 90.06 40.05 40.03 90.06 30.04 40.06 70.01 100.03 40.07 10.09 10.1 30.06 60.07 80.05 60.07 100.09 80.1 20.06 80.05 50.09 100.07 60.09 30.01 20.04 50.07 90.1 10.1 70.09 100.07 20.03 80.04 0.9279000573476667
87.0 68.0 17.0 68.0 44.0 107.0 39.0 22.0 105.0 92.0 21.0 45.0 55.0 94.0 102.0 18.0 12.0 30.0 51.0 80.0 77.0 70.0 15.0 35.0 57.0 65.0 72.0 76.0 92.0 14.0 101.0 84.0 64.0 26.0 34.0 15.0 104.0 41.0 11.0 109.0 57.0 57.0 56.0 67.0 18.0 25.0 55.0 12.0 48.0 110.0 62.0 81.0 108.0 71.0 83.0 110.0 17.0 42.0 44.0 20.0 78.0 67.0 65.0 20.1 10.1 20.08 40.08 40.03 20.08 90.04 40.1 40.02 90.1 30.04 40.06 70.03 100.07 40.06 10.05 10.08 30.08 60.1 80.09 60.06 100.07 80.1 20.1 80.02 50.09 100.1 60.05 30.03 20.06 50.02 90.04 10.08 70.01 100.03 20.04 80.05 0.28887249879696675
84.0 63.0 19.0 61.0 41.0 101.0 40.0 30.0 104.0 94.0 26.0 44.0 57.0 94.0 101.0 13.0 18.0 22.0 59.0 76.0 74.0 66.0 16.0 40.0 52.0 63.0 79.0 72.0 97.0 14.0 109.0 84.0 67.0 28.0 33.0 17.0 110.0 41.0 15.0 109.0 56.0 53.0 53.0 70.0 15.0 29.0 60.0 16.0 50.0 101.0 70.0 82.0 103.0 71.0 82.0 108.0 17.0 45.0 46.0 16.0 73.0 66.0 62.0 13.0 20.1 20.02 40.1 40.01 20.03 90.01 40.07 40.08 90.03 30.1 40.03 70.05 100.08 40.01 10.06 10.04 30.02 60.09 80.02 60.05 100.07 80.05 20.01 80.08 50.06 100.03 60.07 30.08 20.07 50.09 90.06 10.02 70.06 100.01 20.05 80.03 0.20620970536520378
88.0 65.0 17.0 70.0 43.0 106.0 38.0 25.0 102.0 91.0 21.0 41.0 53.0 96.0 101.0 14.0 16.0 25.0 58.0 80.0 80.0 70.0 17.0 39.0 51.0 67.0 73.0 79.0 95.0 13.0 104.0 87.0 66.0 25.0 35.0 14.0 104.0 50.0 16.0 103.0 57.0 59.0 56.0 65.0 19.0 30.0 54.0 12.0 50.0 110.0 70.0 85.0 101.0 73.0 86.0 103.0 11.0 47.0 46.0 15.0 75.0 62.0 69.0 15.0 11.0 40.2 40.07 40.1 20.05 90.04 40.09 40.06 90.06 30.05 40.06 70.07 100.04 40.08 10.08 10.03 30.02 60.07 80.03 60.1 100.03 80.05 20.1 80.06 50.03 100.09 60.09 30.1 20.08 50.01 90.04 10.05 70.06 100.04 20.1 80.05 0.021356677624153164
90.0 69.0 14.0 69.0 46.0 108.0 34.0 30.0 103.0 91.0 28.0 50.0 51.0 98.0 108.0 13.0 13.0 28.0 52.0 73.0 74.0 65.0 20.0 31.0 54.0 61.0 77.0 79.0 98.0 18.0 107.0 82.0 62.0 27.0 36.0 11.0 110.0 43.0 14.0 107.0 57.0 55.0 53.0 63.0 14.0 25.0 60.0 19.0 46.0 106.0 67.0 81.0 108.0 76.0 82.0 101.0 18.0 48.0 46.0 20.0 75.0 64.0 65.0 19.0 12.0 30.0 80.4 40.09 20.02 90.03 40.02 40.1 90.03 30.03 40.09 70.1 100.06 40.06 10.04 10.01 30.03 60.09 80.07 60.1 100.1 80.08 20.04 80.06 50.1 100.04 60.08 30.03 20.05 50.02 90.02 10.06 70.1 100.03 20.05 80.01 0.8738837951338778
84.0 65.0 20.0 64.0 49.0 105.0 33.0 28.0 103.0 97.0 25.0 43.0 55.0 96.0 106.0 18.0 16.0 21.0 57.0 71.0 77.0 63.0 16.0 36.0 54.0 69.0 73.0 80.0 92.0 15.0 104.0 81.0 70.0 28.0 33.0 16.0 107.0 47.0 18.0 106.0 51.0 58.0 54.0 61.0 17.0 30.0 52.0 18.0 42.0 103.0 64.0 85.0 106.0 73.0 86.0 106.0 11.0 50.0 45.0 20.0 77.0 65.0 69.0 18.0 17.0 25.0 42.0 80.4 20.01 90.02 40.05 40.08 90.01 30.02 40.09 70.01 100.02 40.02 10.07 10.04 30.07 60.04 80.08 60.02 100.07 80.1 20.08 80.05 50.02 100.09 60.09 30.1 20.09 50.03 90.1 10.03 70.06 100.04 20.02 80.01 0.36106512262240187
87.0 70.0 19.0 67.0 45.0 101.0 39.0 30.0 102.0 100.0 30.0 41.0 51.0 94.0 102.0 13.0 19.0 27.0 51.0 80.0 78.0 63.0 16.0 40.0 55.0 65.0 71.0 78.0 97.0 19.0 107.0 90.0 61.0 23.0 40.0 14.0 103.0 46.0 15.0 103.0 51.0 55.0 52.0 61.0 14.0 23.0 56.0 11.0 41.0 107.0 61.0 88.0 104.0 80.0 83.0 108.0 18.0 50.0 50.0 15.0 78.0 68.0 65.0 11.0 18.0 27.0 44.0 47.0 40.2 90.04 40.08 40.05 90.05 30.02 40.05 70.06 100.09 40.03 10.03 10.05 30.02 60.07 80.03 60.08 100.09 80.03 20.02 80.09 50.04 100.03 60.05 30.07 20.04 50.03 90.03 10.08 70.01 100.07 20.02 80.01 0.8377948230970552
88.0 61.0 18.0 63.0 50.0 105.0 35.0 23.0 101.0 97.0 29.0 41.0 60.0 98.0 107.0 18.0 18.0 25.0 54.0 80.0 78.0 68.0 15.0 34.0 57.0 62.0 79.0 72.0 94.0 11.0 110.0 86.0 68.0 25.0 40.0 19.0 105.0 46.0 19.0 102.0 51.0 52.0 56.0 61.0 18.0 27.0 52.0 13.0 49.0 107.0 64.0 83.0 106.0 80.0 85.0 101.0 19.0 49.0 45.0 14.0 75.0 62.0 69.0 16.0 18.0 25.0 44.0 49.0 29.0 180.9 40.07 40.07 90.02 30.05 40.07 70.01 100.04 40.02 10.1 10.1 30.09 60.05 80.09 60.1 100.09 80.07 20.05 80.02 50.06 100.06 60.06 30.1 20.07 50.05 90.1 10.03 70.01 100.08 20.01 80.06 0.6794904846293958
82.0 66.0 14.0 70.0 41.0 102.0 37.0 24.0 105.0 91.0 27.0 50.0 53.0 92.0 104.0 19.0 20.0 23.0 59.0 77.0 76.0 64.0 16.0 31.0 56.0 70.0 76.0 76.0 95.0 17.0 106.0 81.0 67.0 25.0 35.0 14.0 103.0 44.0 20.0 106.0 52.0 57.0 55.0 61.0 13.0 21.0 57.0 12.0 44.0 104.0 64.0 88.0 102.0 79.0 86.0 101.0 17.0 45.0 47.0 17.0 71.0 70.0 67.0 14.0 12.0 21.0 47.0 49.0 21.0 93.0 80.4 40.09 90.05 30.09 40.03 70.02 100.08 40.04 10.1 10.1 30.06 60.07 80.03 60.1 100.02 80.07 20.06 80.05 50.05 100.06 60.1 30.01 20.03 50.02 90.06 10.08 70.08 100.06 20.02 80.04 0.8673789249578743
89.0 66.0 18.0 66.0 49.0 107.0 34.0 23.0 103.0 96.0 24.0 41.0 56.0 92.0 108.0 16.0 12.0 24.0 60.0 76.0 79.0 70.0 14.0 32.0 55.0 64.0 77.0 73.0 93.0 18.0 104.0 84.0 66.0 24.0 35.0 11.0 103.0 42.0 11.0 105.0 60.0 52.0 52.0 70.0 14.0 22.0 57.0 20.0 50.0 104.0 63.0 90.0 106.0 74.0 81.0 101.0 20.0 42.0 42.0 11.0 80.0 64.0 64.0 17.0 17.0 24.0 50.0 42.0 26.0 91.0 41.0 80.4 90.02 30.07 40.02 70.05 100.09 40.08 10.02 10.1 30.03 60.08 80.09 60.08 100.02 80.02 20.04 80.03 50.05 100.1 60.05 30.06 20.01 50.03 90.05 10.05 70.04 100.01 20.02 80.1 0.8516029416683308
87.0 64.0 11.0 67.0 46.0 101.0 38.0 28.0 104.0 94.0 25.0 50.0 57.0 97.0 109.0 13.0 17.0 21.0 57.0 80.0 78.0 64.0 20.0 32.0 52.0 64.0 76.0 74.0 97.0 13.0 110.0 85.0 66.0 26.0 39.0 19.0 108.0 42.0 20.0 101.0 52.0 52.0 58.0 69.0 12.0 26.0 51.0 13.0 49.0 102.0 61.0 85.0 109.0 71.0 90.0 104.0 15.0 49.0 45.0 16.0 80.0 65.0 67.0 15.0 12.0 24.0 43.0 45.0 29.0 97.0 49.0 43.0 180.9 30.02 40.04 70.08 100.03 40.06 10.05 10.09 30.04 60.02 80.07 60.06 100.06 80.08 20.05 80.05 50.09 100.01 60.05 30.09 20.01 50.03 90.08 10.01 70.02 100.04 20.02 80.08 0.7329036917803483
83.0 61.0 11.0 63.0 47.0 101.0 35.0 26.0 107.0 93.0 25.0 46.0 59.0 96.0 105.0 13.0 16.0 29.0 58.0 77.0 78.0 63.0 14.0 34.0 55.0 67.0 80.0 80.0 96.0 11.0 105.0 81.0 70.0 22.0 37.0 19.0 107.0 47.0 18.0 101.0 57.0 59.0 54.0 68.0 15.0 25.0 51.0 11.0 42.0 103.0 66.0 85.0 107.0 71.0 84.0 108.0 16.0 45.0 45.0 18.0 72.0 65.0 62.0 13.0 15.0 26.0 45.0 41.0 30.0 91.0 44.0 46.0 94.0 60.3 40.08 70.08 100.07 40.03 10.06 10.07 30.03 60.08 80.09 60.04 100.09 80.06 20.07 80.05 50.09 100.09 60.08 30.04 20.06 50.08 90.09 10.09 70.07 100.08 20.07 80.04 0.22664217411832155
84.0 64.0 17.0 64.0 50.0 104.0 39.0 23.0 101.0 95.0 28.0 49.0 56.0 95.0 108.0 15.0 18.0 22.0 55.0 71.0 74.0 62.0 15.0 37.0 59.0 67.0 74.0 71.0 98.0 14.0 109.0 85.0 66.0 26.0 31.0 12.0 107.0 44.0 11.0 103.0 52.0 55.0 54.0 67.0 20.0 27.0 59.0 19.0 43.0 107.0 61.0 82.0 109.0 71.0 82.0 102.0 13.0 44.0 49.0 16.0 79.0 66.0 65.0 16.0 13.0 21.0 42.0 50.0 27.0 97.0 50.0 46.0 97.0 31.0 80.4 70.05 100.03 40.03 10.06 10.01 30.03 60.09 80.1 60.09 100.03 80.1 20.06 80.08 50.09 100.07 60.03 30.02 20.07 50.08 90.05 10.02 70.1 100.02 20.09 80.01 0.8504957105168891
88.0 61.0 19.0 67.0 48.0 102.0 39.0 29.0 107.0 97.0 21.0 41.0 59.0 97.0 106.0 14.0 18.0 29.0 58.0 73.0 79.0 69.0 12.0 32.0 56.0 62.0 79.0 80.0 97.0 16.0 106.0 90.0 65.0 30.0 39.0 20.0 108.0 41.0 17.0 105.0 52.0 53.0 58.0 62.0 20.0 27.0 56.0 14.0 49.0 105.0 68.0 89.0 107.0 77.0 86.0 109.0 20.0 42.0 48.0 20.0 76.0 65.0 66.0 16.0 19.0 29.0 49.0 43.0 21.0 91.0 48.0 43.0 98.0 38.0 45.0 140.7 100.02 40.06 10.01 10.09 30.01 60.01 80.06 60.05 100.1 80.08 20.06 80.05 50.09 100.03 60.06 30.07 20.1 50.06 90.05 10.05 70.04 100.06 20.06 80.01 0.2251722288090101
89.0 69.0 12.0 61.0 50.0 109.0 31.0 27.0 101.0 99.0 24.0 48.0 55.0 100.0 101.0 15.0 19.0 29.0 52.0 78.0 80.0 66.0 11.0 38.0 60.0 67.0 78.0 72.0 93.0 14.0 109.0 84.0 64.0 28.0 32.0 16.0 106.0 47.0 14.0 103.0 52.0 55.0 59.0 68.0 13.0 28.0 52.0 19.0 45.0 106.0 67.0 82.0 102.0 71.0 84.0 102.0 19.0 50.0 42.0 11.0 75.0 69.0 62.0 16.0 13.0 25.0 44.0 42.0 29.0 100.0 41.0 42.0 92.0 33.0 47.0 77.0 201.0 40.05 10.04 10.06 30.08 60.07 80.03 60.07 100.06 80.05 20.05 80.06 50.09 100.03 60.1 30.05 20.07 50.01 90.05 10.04 70.02 100.06 20.1 80.09 0.4050581606698077
81.0 67.0 14.0 62.0 41.0 101.0 35.0 27.0 107.0 98.0 29.0 50.0 56.0 93.0 110.0 18.0 12.0 30.0 54.0 73.0 78.0 61.0 12.0 31.0 57.0 68.0 71.0 76.0 96.0 15.0 104.0 89.0 67.0 24.0 39.0 14.0 110.0 44.0 15.0 102.0 53.0 52.0 57.0 61.0 17.0 23.0 60.0 18.0 48.0 104.0 69.0 82.0 102.0 77.0 89.0 104.0 16.0 43.0 50.0 17.0 71.0 61.0 62.0 11.0 16.0 25.0 50.0 42.0 24.0 97.0 47.0 49.0 99.0 34.0 47.0 71.0 106.0 80.4 10.02 10.07 30.03 60.02 80.02 60.05 100.1 80.06 20.05 80.02 50.03 100.05 60.09 30.06 20.03 50.1 90.08 10.07 70.03 100.03 20.06 80.02 0.33466896359855236
81.0 70.0 16.0 69.0 47.0 103.0 31.0 26.0 108.0 98.0 27.0 49.0 52.0 95.0 103.0 14.0 14.0 25.0 51.0 77.0 73.0 62.0 15.0 36.0 54.0 63.0 74.0 72.0 97.0 19.0 107.0 81.0 66.0 29.0 31.0 11.0 110.0 46.0 15.0 110.0 60.0 51.0 55.0 67.0 17.0 22.0 59.0 20.0 47.0 102.0 69.0 81.0 107.0 74.0 88.0 103.0 12.0 50.0 43.0 18.0 74.0 70.0 64.0 20.0 12.0 24.0 43.0 45.0 29.0 96.0 47.0 44.0 93.0 32.0 41.0 73.0 109.0 44.0 20.1 10.09 30.1 60.08 80.04 60.09 100.1 80.02 20.01 80.07 50.03 100.1 60.07 30.09 20.04 50.06 90.09 10.07 70.1 100.04 20.06 80.07 0.6223348885656997
83.0 69.0 16.0 62.0 46.0 105.0 34.0 22.0 108.0 95.0 28.0 46.0 59.0 96.0 110.0 11.0 12.0 28.0 56.0 75.0 75.0 66.0 12.0 37.0 55.0 63.0 73.0 77.0 93.0 19.0 108.0 84.0 64.0 25.0 36.0 15.0 105.0 48.0 14.0 108.0 56.0 58.0 53.0 70.0 12.0 22.0 51.0 18.0 46.0 104.0 61.0 86.0 105.0 74.0 88.0 104.0 11.0 42.0 50.0 19.0 75.0 63.0 68.0 19.0 16.0 21.0 50.0 49.0 22.0 93.0 48.0 45.0 100.0 36.0 43.0 71.0 106.0 42.0 11.0 20.1 30.04 60.02 80.1 60.05 100.02 80.05 20.04 80.03 50.1 100.09 60.06 30.05 20.02 50.01 90.07 10.06 70.04 100.05 20.03 80.07 0.6391013761978824
89.0 63.0 15.0 67.0 48.0 101.0 35.0 25.0 103.0 93.0 25.0 47.0 54.0 99.0 110.0 20.0 15.0 28.0 52.0 76.0 80.0 65.0 14.0 35.0 52.0 66.0 72.0 75.0 96.0 12.0 110.0 90.0 67.0 30.0 38.0 11.0 108.0 41.0 11.0 104.0 52.0 53.0 60.0 63.0 19.0 24.0 60.0 18.0 43.0 103.0 66.0 85.0 102.0 71.0 86.0 106.0 20.0 46.0 49.0 11.0 76.0 65.0 63.0 17.0 15.0 21.0 43.0 50.0 22.0 92.0 46.0 44.0 99.0 33.0 45.0 77.0 105.0 44.0 14.0 20.0 60.3 60.09 80.08 60.02 100.1 80.05 20.03 80.07 50.07 100.05 60.04 30.07 20.04 50.08 90.01 10.02 70.07 100.02 20.1 80.1 0.843983611741938
85.0 63.0 17.0 61.0 48.0 102.0 36.0 30.0 102.0 97.0 27.0 43.0 55.0 100.0 101.0 19.0 20.0 28.0 52.0 79.0 80.0 61.0 14.0 33.0 54.0 65.0 78.0 79.0 97.0 14.0 109.0 90.0 69.0 27.0 38.0 12.0 104.0 50.0 20.0 107.0 60.0 53.0 57.0 63.0 13.0 28.0 59.0 16.0 46.0 102.0 69.0 87.0 108.0 77.0 85.0 105.0 12.0 44.0 41.0 12.0 77.0 63.0 64.0 16.0 19.0 25.0 41.0 49.0 26.0 95.0 49.0 49.0 92.0 34.0 42.0 72.0 108.0 45.0 11.0 12.0 38.0 120.6 80.03 60.01 100.04 80.1 20.05 80.08 50.05 100.01 60.08 30.04 20.05 50.02 90.03 10.02 70.04 100.02 20.02 80.01 0.8586880439872122
82.0 63.0 11.0 62.0 46.0 110.0 33.0 24.0 107.0 96.0 24.0 46.0 55.0 99.0 107.0 14.0 20.0 29.0 59.0 80.0 77.0 68.0 19.0 39.0 56.0 65.0 75.0 72.0 97.0 17.0 102.0 84.0 66.0 25.0 31.0 16.0 101.0 45.0 13.0 101.0 52.0 55.0 59.0 63.0 12.0 23.0 52.0 19.0 44.0 109.0 66.0 88.0 104.0 74.0 89.0 103.0 18.0 42.0 45.0 16.0 80.0 66.0 70.0 16.0 19.0 26.0 49.0 44.0 27.0 98.0 46.0 47.0 99.0 35.0 47.0 80.0 110.0 47.0 15.0 13.0 38.0 68.0 160.8 60.01 100.1 80.03 20.01 80.1 50.05 100.09 60.08 30.01 20.09 50.01 90.07 10.09 70.07 100.03 20.08 80.05 0.7696156539300133
87.0 67.0 13.0 64.0 48.0 107.0 39.0 27.0 106.0 98.0 23.0 41.0 58.0 98.0 108.0 16.0 12.0 28.0 58.0 78.0 75.0 68.0 16.0 35.0 51.0 65.0 79.0 76.0 99.0 14.0 106.0 83.0 69.0 24.0 37.0 15.0 109.0 45.0 18.0 105.0 59.0 58.0 59.0 61.0 12.0 21.0 56.0 12.0 44.0 104.0 68.0 82.0 108.0 72.0 89.0 108.0 16.0 49.0 45.0 16.0 72.0 66.0 65.0 19.0 16.0 25.0 49.0 42.0 21.0 95.0 43.0 41.0 99.0 35.0 50.0 72.0 105.0 44.0 11.0 15.0 35.0 69.0 84.0 120.6 100.05 80.1 20.07 80.05 50.06 100.07 60.02 30.05 20.06 50.02 90.1 10.04 70.1 100.05 20.08 80.06 0.7579688490139931
84.0 64.0 16.0 68.0 41.0 110.0 40.0 21.0 106.0 100.0 28.0 50.0 54.0 100.0 107.0 18.0 11.0 24.0 60.0 75.0 75.0 66.0 20.0 35.0 53.0 69.0 79.0 72.0 98.0 17.0 105.0 88.0 69.0 21.0 40.0 14.0 107.0 41.0 13.0 103.0 51.0 52.0 52.0 66.0 11.0 25.0 59.0 20.0 45.0 104.0 70.0 87.0 109.0 72.0 90.0 104.0 11.0 42.0 42.0 17.0 78.0 70.0 64.0 14.0 13.0 28.0 43.0 47.0 23.0 97.0 45.0 46.0 97.0 33.0 46.0 74.0 104.0 45.0 13.0 17.0 32.0 67.0 84.0 68.0 201.0 80.08 20.01 80.06 50.01 100.04 60.01 30.1 20.1 50.02 90.03 10.1 70.07 100.06 20.03 80.09 0.30327072808415056
88.0 62.0 15.0 67.0 49.0 106.0 36.0 28.0 103.0 99.0 29.0 49.0 57.0 98.0 108.0 11.0 12.0 28.0 57.0 78.0 72.0 67.0 15.0 32.0 56.0 66.0 72.0 78.0 97.0 18.0 105.0 89.0 68.0 29.0 40.0 15.0 101.0 48.0 11.0 109.0 52.0 51.0 55.0 66.0 16.0 21.0 52.0 12.0 50.0 102.0 65.0 84.0 108.0 71.0 84.0 107.0 11.0 48.0 44.0 18.0 71.0 66.0 63.0 14.0 13.0 29.0 46.0 46.0 30.0 100.0 43.0 42.0 93.0 33.0 48.0 73.0 105.0 49.0 20.0 11.0 31.0 62.0 90.0 66.0 102.0 160.8 20.02 80.09 50.01 100.07 60.08 30.1 20.09 50.05 90.01 10.03 70.03 100.09 20.03 80.03 0.12361515143244683
88.0 65.0 14.0 69.0 48.0 105.0 32.0 28.0 103.0 92.0 22.0 49.0 52.0 94.0 102.0 16.0 15.0 23.0 57.0 71.0 75.0 61.0 12.0 40.0 54.0 62.0 77.0 79.0 91.0 13.0 108.0 89.0 62.0 25.0 35.0 14.0 109.0 43.0 12.0 106.0 57.0 55.0 55.0 62.0 15.0 21.0 54.0 19.0 42.0 101.0 61.0 86.0 102.0 80.0 90.0 109.0 15.0 43.0 44.0 20.0 74.0 66.0 67.0 15.0 15.0 24.0 42.0 49.0 27.0 96.0 43.0 49.0 94.0 34.0 43.0 79.0 106.0 41.0 16.0 15.0 38.0 70.0 90.0 66.0 104.0 85.0 40.2 80.1 50.02 100.02 60.05 30.07 20.01 50.06 90.06 10.06 70.02 100.03 20.03 80.01 0.6286489964897016
89.0 63.0 18.0 62.0 45.0 104.0 40.0 30.0 109.0 98.0 26.0 48.0 57.0 95.0 101.0 19.0 15.0 28.0 51.0 78.0 71.0 67.0 14.0 31.0 52.0 66.0 79.0 79.0 92.0 13.0 104.0 83.0 62.0 23.0 40.0 17.0 108.0 42.0 18.0 104.0 54.0 60.0 56.0 67.0 12.0 29.0 53.0 14.0 43.0 108.0 63.0 81.0 103.0 71.0 83.0 106.0 17.0 42.0 44.0 20.0 76.0 67.0 66.0 20.0 16.0 29.0 50.0 42.0 29.0 96.0 45.0 48.0 91.0 36.0 44.0 77.0 105.0 45.0 13.0 20.0 38.0 66.0 83.0 65.0 104.0 86.0 24.0 160.8 50.09 100.08 60.06 30.06 20.08 50.04 90.04 10.06 70.07 100.09 20.07 80.07 0.8800146260589564
81.0 67.0 20.0 69.0 41.0 106.0 32.0 24.0 106.0 94.0 22.0 47.0 58.0 97.0 102.0 20.0 13.0 26.0 58.0 79.0 71.0 61.0 19.0 31.0 53.0 64.0 73.0 78.0 94.0 13.0 103.0 81.0 62.0 25.0 32.0 16.0 106.0 41.0 17.0 109.0 58.0 55.0 56.0 67.0 13.0 30.0 55.0 19.0 42.0 102.0 68.0 86.0 101.0 73.0 82.0 104.0 11.0 50.0 41.0 11.0 71.0 61.0 63.0 19.0 18.0 21.0 41.0 46.0 30.0 93.0 49.0 44.0 100.0 36.0 41.0 77.0 102.0 44.0 17.0 14.0 33.0 66.0 89.0 63.0 104.0 82.0 23.0 90.0 100.5 100.04 60.02 30.06 20.01 50.1 90.06 10.07 70.07 100.06 20.02 80.1 0.7664838681324001
87.0 65.0 20.0 61.0 46.0 107.0 35.0 27.0 104.0 98.0 28.0 41.0 56.0 93.0 110.0 17.0 20.0 21.0 58.0 73.0 75.0 66.0 20.0 38.0 56.0 65.0 73.0 73.0 96.0 18.0 103.0 87.0 62.0 30.0 35.0 14.0 107.0 45.0 16.0 110.0 51.0 59.0 58.0 67.0 20.0 23.0 56.0 19.0 50.0 107.0 64.0 82.0 109.0 71.0 84.0 104.0 18.0 42.0 47.0 20.0 78.0 69.0 68.0 11.0 18.0 24.0 46.0 42.0 22.0 100.0 48.0 41.0 96.0 33.0 46.0 74.0 108.0 44.0 13.0 19.0 40.0 67.0 88.0 66.0 101.0 89.0 22.0 84.0 59.0 201.0 60.03 30.01 20.05 50.03 90.09 10.09 70.02 100.03 20.06 80.06 0.7901214015100609
83.0 68.0 19.0 68.0 42.0 108.0 38.0 22.0 107.0 93.0 30.0 45.0 60.0 93.0 103.0 13.0 18.0 22.0 60.0 73.0 78.0 70.0 11.0 38.0 56.0 70.0 79.0 75.0 95.0 18.0 103.0 87.0 70.0 30.0 36.0 14.0 110.0 47.0 16.0 104.0 57.0 56.0 58.0 69.0 18.0 29.0 54.0 13.0 41.0 102.0 64.0 89.0 103.0 74.0 85.0 102.0 12.0 49.0 49.0 20.0 73.0 66.0 68.0 20.0 11.0 25.0 43.0 48.0 30.0 100.0 50.0 42.0 94.0 34.0 41.0 74.0 107.0 44.0 19.0 20.0 35.0 66.0 89.0 69.0 106.0 84.0 28.0 85.0 52.0 110.0 120.6 30.1 20.01 50.01 90.06 10.06 70.03 100.01 20.1 80.08 0.31334800024214526
90.0 70.0 12.0 70.0 50.0 105.0 32.0 23.0 106.0 99.0 25.0 42.0 51.0 91.0 101.0 13.0 17.0 29.0 52.0 75.0 72.0 68.0 12.0 31.0 57.0 66.0 75.0 74.0 98.0 17.0 101.0 88.0 61.0 30.0 33.0 12.0 106.0 41.0 15.0 109.0 52.0 57.0 54.0 67.0 14.0 25.0 51.0 15.0 47.0 103.0 65.0 84.0 108.0 75.0 83.0 103.0 19.0 41.0 48.0 17.0 71.0 66.0 64.0 12.0 17.0 30.0 42.0 42.0 27.0 96.0 47.0 49.0 91.0 35.0 49.0 75.0 110.0 44.0 17.0 16.0 31.0 67.0 81.0 64.0 108.0 83.0 28.0 89.0 56.0 106.0 63.0 60.3 20.06 50.08 90.04 10.03 70.01 100.06 20.05 80.04 0.9846339952117903
88.0 65.0 14.0 70.0 48.0 104.0 37.0 29.0 108.0 96.0 27.0 50.0 58.0 100.0 109.0 15.0 20.0 28.0 60.0 75.0 74.0 68.0 18.0 32.0 56.0 64.0 80.0 77.0 100.0 17.0 101.0 88.0 63.0 26.0 31.0 12.0 105.0 45.0 18.0 105.0 52.0 60.0 58.0 68.0 16.0 26.0 51.0 12.0 48.0 101.0 69.0 87.0 110.0 75.0 90.0 107.0 20.0 44.0 49.0 13.0 74.0 61.0 69.0 11.0 18.0 24.0 49.0 47.0 23.0 98.0 48.0 45.0 97.0 37.0 44.0 77.0 108.0 41.0 18.0 16.0 37.0 66.0 84.0 65.0 108.0 82.0 21.0 87.0 54.0 101.0 64.0 34.0 40.2 50.03 90.1 10.08 70.04 100.02 20.03 80.05 0.6647037470312214
81.0 61.0 16.0 67.0 45.0 108.0 40.0 23.0 110.0 96.0 29.0 47.0 56.0 96.0 105.0 20.0 20.0 24.0 54.0 72.0 79.0 68.0 13.0 38.0 58.0 70.0 76.0 75.0 100.0 11.0 109.0 88.0 64.0 28.0 34.0 15.0 107.0 48.0 20.0 101.0 59.0 55.0 59.0 61.0 11.0 23.0 53.0 17.0 46.0 106.0 67.0 85.0 103.0 77.0 87.0 110.0 20.0 41.0 46.0 17.0 75.0 63.0 64.0 14.0 20.0 26.0 41.0 49.0 27.0 97.0 46.0 46.0 96.0 34.0 47.0 76.0 103.0 44.0 16.0 15.0 39.0 70.0 81.0 69.0 107.0 87.0 29.0 84.0 55.0 109.0 68.0 34.0 22.0 100.5 90.05 10.08 70.07 100.07 20.02 80.07 0.1333665453202294
90.0 62.0 16.0 64.0 50.0 110.0 35.0 25.0 108.0 100.0 25.0 44.0 54.0 98.0 104.0 19.0 17.0 28.0 60.0 71.0 77.0 67.0 16.0 40.0 52.0 67.0 75.0 75.0 99.0 12.0 101.0 86.0 64.0 21.0 33.0 20.0 107.0 42.0 12.0 105.0 57.0 56.0 52.0 64.0 13.0 22.0 54.0 16.0 43.0 103.0 67.0 85.0 101.0 76.0 83.0 107.0 20.0 49.0 44.0 12.0 76.0 61.0 61.0 13.0 15.0 27.0 44.0 50.0 26.0 95.0 48.0 43.0 91.0 39.0 49.0 79.0 101.0 44.0 12.0 20.0 32.0 69.0 82.0 64.0 106.0 90.0 25.0 87.0 53.0 106.0 62.0 39.0 21.0 59.0 180.9 10.05 70.02 100.09 20.04 80.04 0.36194335851945947
84.0 66.0 12.0 65.0 41.0 109.0 32.0 22.0 107.0 95.0 24.0 44.0 59.0 95.0 103.0 13.0 19.0 21.0 60.0 79.0 77.0 70.0 11.0 38.0 54.0 65.0 72.0 73.0 92.0 11.0 106.0 90.0 61.0 21.0 31.0 20.0 104.0 45.0 18.0 106.0 60.0 59.0 52.0 65.0 11.0 23.0 52.0 20.0 47.0 102.0 61.0 90.0 104.0 73.0 84.0 102.0 15.0 46.0 45.0 19.0 78.0 68.0 69.0 12.0 17.0 25.0 44.0 43.0 23.0 100.0 48.0 46.0 97.0 34.0 41.0 79.0 107.0 44.0 14.0 16.0 40.0 69.0 88.0 62.0 104.0 90.0 30.0 83.0 58.0 107.0 66.0 40.0 30.0 55.0 92.0 20.1 70.01 100.01 20.01 80.07 0.8225089111277526
82.0 70.0 20.0 63.0 44.0 106.0 40.0 29.0 109.0 97.0 30.0 43.0 51.0 100.0 107.0 18.0 18.0 29.0 52.0 72.0 74.0 70.0 16.0 33.0 57.0 67.0 77.0 74.0 98.0 12.0 110.0 82.0 69.0 27.0 35.0 16.0 104.0 46.0 12.0 110.0 52.0 53.0 54.0 69.0 20.0 28.0 58.0 20.0 50.0 105.0 70.0 88.0 101.0 78.0 88.0 104.0 20.0 46.0 48.0 18.0 76.0 68.0 69.0 14.0 16.0 22.0 42.0 41.0 26.0 92.0 44.0 50.0 91.0 39.0 47.0 79.0 106.0 50.0 16.0 11.0 31.0 65.0 83.0 62.0 102.0 89.0 26.0 85.0 58.0 103.0 67.0 37.0 29.0 55.0 96.0 16.0 140.7 100.03 20.06 80.09 0.4342740640488618
81.0 69.0 11.0 62.0 49.0 107.0 32.0 28.0 106.0 93.0 21.0 45.0 59.0 95.0 105.0 11.0 20.0 24.0 53.0 71.0 76.0 66.0 15.0 35.0 54.0 61.0 74.0 74.0 99.0 11.0 101.0 83.0 68.0 24.0 37.0 14.0 102.0 48.0 12.0 109.0 58.0 53.0 57.0 61.0 15.0 25.0 52.0 12.0 49.0 106.0 66.0 81.0 101.0 80.0 90.0 108.0 12.0 49.0 43.0 16.0 77.0 63.0 63.0 14.0 18.0 23.0 46.0 45.0 22.0 97.0 50.0 48.0 98.0 32.0 41.0 79.0 103.0 41.0 13.0 15.0 36.0 70.0 86.0 68.0 106.0 90.0 28.0 85.0 56.0 102.0 70.0 35.0 26.0 53.0 95.0 17.0 79.0 201.0 20.07 80.02 0.6314664361907046
82.0 65.0 11.0 63.0 42.0 104.0 34.0 30.0 105.0 100.0 30.0 49.0 55.0 93.0 107.0 11.0 17.0 24.0 51.0 75.0 73.0 66.0 17.0 39.0 60.0 64.0 76.0 77.0 99.0 12.0 105.0 84.0 66.0 27.0 31.0 15.0 110.0 43.0 17.0 109.0 54.0 55.0 56.0 69.0 20.0 25.0 60.0 15.0 45.0 104.0 65.0 81.0 104.0 72.0 84.0 109.0 14.0 42.0 50.0 18.0 74.0 63.0 62.0 12.0 12.0 29.0 44.0 50.0 30.0 92.0 50.0 41.0 97.0 37.0 42.0 71.0 106.0 45.0 13.0 16.0 39.0 61.0 84.0 67.0 103.0 88.0 25.0 87.0 51.0 108.0 67.0 33.0 27.0 53.0 93.0 13.0 80.0 109.0 40.2 80.09 0.6905102764160909
87.0 63.0 17.0 66.0 49.0 108.0 34.0 24.0 108.0 93.0 30.0 44.0 51.0 98.0 108.0 18.0 18.0 24.0 53.0 73.0 75.0 65.0 17.0 34.0 59.0 69.0 79.0 73.0 100.0 11.0 110.0 89.0 69.0 25.0 32.0 18.0 106.0 49.0 17.0 109.0 54.0 55.0 57.0 67.0 14.0 25.0 59.0 11.0 50.0 103.0 62.0 82.0 107.0 76.0 86.0 105.0 20.0 44.0 44.0 18.0 74.0 66.0 66.0 15.0 13.0 23.0 42.0 48.0 27.0 96.0 48.0 43.0 95.0 35.0 49.0 74.0 110.0 42.0 18.0 11.0 34.0 67.0 88.0 67.0 107.0 86.0 23.0 81.0 58.0 103.0 63.0 38.0 28.0 58.0 95.0 15.0 74.0 108.0 26.0 160.8 0.7339386747515985
