15
10 5 10 9 1 3 8 3 10 7 9 10 8 4 5 0.8397188288193725
5 30 2 8 10 8 8 9 4 2 7 1 8 4 3 0.36887191491845406
6 7 50 9 10 6 2 6 8 10 5 4 7 6 3 0.6590764727474757
8 1 10 50 2 8 9 8 9 7 2 1 2 7 7 0.38284738674971963
4 8 3 4 10 7 7 5 10 8 7 2 7 7 7 0.5612253334208122
1 4 8 8 4 90 8 6 7 6 8 9 9 4 7 0.7375915647743595
3 7 2 3 6 2 70 8 2 8 6 8 8 8 3 0.7746961143278032
5 4 1 10 1 8 10 10 5 3 3 5 4 4 5 0.14668608427031504
7 4 8 6 9 2 7 9 100 10 8 4 9 6 9 0.11710964762919829
5 5 9 1 7 9 9 2 2 90 2 3 1 6 10 0.4220175476059831
10 10 6 6 5 3 4 8 5 1 90 1 7 8 3 0.31153774628131636
1 10 8 2 1 9 3 8 1 6 3 80 10 7 5 0.04066392917266126
9 3 10 5 3 4 7 8 3 8 1 3 70 5 9 0.1562738641233813
9 1 5 2 7 1 6 3 4 7 7 3 5 50 8 0.0014979721942538493
10 1 3 4 10 1 5 7 8 3 4 6 1 5 20 0.41450890533110263
