20
20 6 10 4 7 6 10 2 3 5 9 5 7 8 7 1 9 6 2 9 0.006190897478863033
4 80 7 2 10 10 9 10 7 5 5 2 6 5 8 5 3 2 4 8 0.468380645499459
7 1 80 5 4 10 6 6 3 3 9 2 1 6 8 9 6 1 7 7 0.13875438391486172
4 6 10 30 3 2 10 7 6 8 8 7 9 6 10 1 3 10 4 3 0.4604908473661672
5 7 10 3 40 5 9 8 2 6 3 6 8 5 7 6 1 9 4 9 0.8694967257421632
5 1 4 1 1 80 3 4 9 1 1 7 4 1 10 6 1 8 6 2 0.2536562274528926
9 7 2 2 6 4 70 5 10 10 2 5 6 6 9 2 3 10 2 6 0.395997903750833
2 7 9 4 8 10 9 70 5 6 7 4 3 2 10 6 6 9 4 2 0.733763585067547
8 1 3 2 5 9 5 2 40 8 9 2 1 4 3 9 8 10 5 10 0.07450154658995922
9 8 10 2 8 9 3 6 9 60 10 3 1 1 8 3 2 8 10 8 0.03914751345207179
9 10 7 10 9 7 2 1 1 9 20 10 3 6 7 5 4 5 9 10 0.0013278520518059667
6 3 2 10 1 2 1 6 7 3 4 80 10 6 6 6 2 3 1 9 0.34748670837871454
9 9 7 5 6 2 10 9 10 2 2 8 70 2 5 8 9 1 8 10 0.6851627444287589
3 8 7 4 3 7 6 4 4 9 4 8 5 50 6 3 5 8 3 8 0.9486166889993974
10 1 4 1 10 8 10 1 4 9 3 8 1 10 100 9 7 3 3 9 0.9963109075125615
2 3 9 9 9 9 2 7 5 10 8 6 7 2 5 40 7 2 7 8 0.843685397171333
6 4 6 4 9 1 6 10 7 1 3 9 1 3 2 1 30 6 2 9 0.42519518078573615
1 8 8 10 9 5 7 9 5 10 7 3 4 4 3 5 4 100 1 8 0.312423247587979
6 1 10 8 5 1 9 7 5 6 6 4 1 1 10 8 7 1 80 1 0.454767970241561
8 9 6 7 9 8 8 7 7 2 6 8 7 1 7 7 10 5 9 80 0.6564078907935734
