20
100 1 5 4 4 3 9 7 5 7 7 2 2 2 8 4 2 3 7 8 0.764060924522676
8 100 5 1 8 3 7 7 7 2 10 9 9 9 5 10 9 9 8 3 0.11050506685703865
2 5 80 9 6 2 7 5 10 6 3 9 2 5 6 3 10 7 3 5 0.5716564685657038
6 7 2 100 4 8 2 5 4 1 4 7 9 4 1 3 6 2 6 5 0.7061815079705601
3 4 1 10 60 10 7 8 2 2 3 2 1 1 6 2 7 4 5 2 0.7624015152842587
10 4 4 9 8 70 5 2 2 4 6 10 1 7 3 10 6 7 3 4 0.8288723762304598
1 8 6 2 10 4 70 1 5 8 6 10 9 7 9 2 2 10 6 10 0.10970871674403992
8 4 7 5 10 5 3 40 2 1 8 8 6 6 6 4 7 8 8 3 0.03418397727301825
5 1 1 2 2 1 1 6 10 7 3 4 5 2 10 8 10 6 2 5 0.5790767941475007
10 6 2 7 1 10 1 8 8 80 7 8 4 7 9 7 6 7 4 3 0.43577571326285136
3 4 7 7 6 5 2 3 3 2 60 3 2 5 1 5 5 4 7 3 0.7888911084224771
10 8 6 4 4 4 4 5 10 4 5 70 3 3 9 8 5 9 3 9 0.9208131738439697
2 6 7 1 6 4 2 9 5 5 7 8 90 1 9 10 1 4 9 6 0.710492736301868
9 7 6 8 3 6 5 2 7 5 5 4 9 90 6 6 1 1 10 8 0.7297271832368101
2 5 3 5 6 2 10 2 7 8 6 1 6 9 80 5 1 7 3 7 0.05438868209067904
10 9 1 8 9 7 7 5 10 7 7 2 10 7 7 90 2 7 2 2 0.02377986186412384
10 8 5 4 8 10 4 3 8 5 7 1 7 5 10 10 30 2 9 2 0.5866106160466239
6 8 9 10 1 4 1 5 8 8 1 10 9 1 10 2 2 10 3 4 0.7398585693327252
1 4 8 10 5 7 1 9 9 7 5 4 7 8 8 5 3 1 90 2 0.3034826409891457
2 8 5 10 3 5 2 4 1 4 6 8 6 5 8 8 9 1 2 20 0.6945847753713879
