75
80.4 100.06 60.04 80.1 70.07 60.07 70.05 50.03 20.08 50.05 70.08 50.03 60.08 30.1 90.04 40.08 40.06 20.09 80.03 30.05 40.1 100.05 90.01 50.01 60.08 10.06 70.04 20.02 30.01 100.06 90.05 20.04 50.08 50.08 50.01 70.09 80.08 40.03 40.05 50.07 40.06 100.07 100.01 10.03 90.08 100.04 80.04 100.02 20.03 40.03 20.03 30.04 40.04 30.04 80.04 70.1 30.09 70.03 100.01 30.1 100.09 90.07 30.08 30.07 10.05 70.01 100.02 40.07 90.05 30.05 90.01 60.09 70.03 80.04 30.07 0.21282595601577825
47.0 201.0 60.07 80.05 70.03 60.1 70.01 50.07 20.04 50.08 70.1 50.03 60.06 30.01 90.01 40.09 40.02 20.04 80.05 30.04 40.07 100.01 90.09 50.01 60.08 10.03 70.03 20.02 30.08 100.09 90.08 20.02 50.07 50.1 50.01 70.1 80.06 40.05 40.05 50.09 40.03 100.04 100.01 10.05 90.01 100.02 80.08 100.09 20.07 40.02 20.05 30.06 40.03 30.1 80.02 70.04 30.02 70.08 100.09 30.03 100.07 90.03 30.04 30.04 10.1 70.04 100.02 40.1 90.06 30.01 90.06 60.05 70.01 80.01 30.06 0.7311839464308417
47.0 103.0 120.6 80.07 70.06 60.09 70.06 50.05 20.09 50.05 70.05 50.03 60.07 30.07 90.08 40.05 40.09 20.02 80.09 30.09 40.08 100.04 90.07 50.08 60.08 10.1 70.06 20.04 30.02 100.05 90.07 20.04 50.04 50.01 50.09 70.04 80.05 40.08 40.06 50.06 40.01 100.03 100.05 10.05 90.01 100.02 80.04 100.04 20.03 40.07 20.08 30.02 40.06 30.1 80.03 70.03 30.08 70.04 100.08 30.01 100.09 90.09 30.09 30.03 10.08 70.02 100.01 40.02 90.09 30.08 90.02 60.01 70.06 80.08 30.01 0.40311561282359676
42.0 106.0 62.0 160.8 70.02 60.06 70.09 50.04 20.01 50.06 70.01 50.05 60.1 30.09 90.09 40.08 40.04 20.09 80.02 30.1 40.1 100.04 90.01 50.03 60.1 10.05 70.01 20.04 30.06 100.05 90.1 20.02 50.01 50.04 50.04 70.05 80.08 40.06 40.03 50.02 40.09 100.02 100.08 10.05 90.06 100.1 80.04 100.07 20.04 40.02 20.08 30.06 40.03 30.05 80.09 70.05 30.08 70.1 100.01 30.09 100.07 90.09 30.03 30.09 10.09 70.06 100.09 40.08 90.07 30.09 90.03 60.04 70.05 80.05 30.1 0.1620242797982041
47.0 105.0 70.0 84.0 140.7 60.07 70.1 50.01 20.08 50.08 70.1 50.04 60.03 30.01 90.03 40.03 40.05 20.04 80.1 30.1 40.03 100.03 90.01 50.01 60.1 10.07 70.05 20.08 30.1 100.01 90.06 20.09 50.02 50.09 50.02 70.04 80.1 40.01 40.1 50.08 40.04 100.05 100.04 10.06 90.02 100.1 80.1 100.07 20.08 40.06 20.07 30.04 40.06 30.1 80.07 70.07 30.05 70.09 100.08 30.1 100.02 90.03 30.09 30.04 10.04 70.05 100.08 40.03 90.04 30.03 90.01 60.05 70.08 80.07 30.01 0.699230080252128
46.0 110.0 65.0 88.0 75.0 120.6 70.06 50.06 20.08 50.05 70.06 50.02 60.08 30.03 90.04 40.08 40.01 20.04 80.05 30.05 40.05 100.07 90.06 50.06 60.04 10.08 70.05 20.06 30.08 100.02 90.08 20.05 50.04 50.06 50.03 70.07 80.07 40.1 40.06 50.07 40.1 100.09 100.09 10.04 90.04 100.03 80.05 100.02 20.1 40.06 20.04 30.08 40.05 30.04 80.1 70.1 30.03 70.03 100.02 30.06 100.02 90.02 30.02 30.07 10.08 70.03 100.09 40.06 90.1 30.02 90.03 60.05 70.01 80.02 30.06 0.3215417697478553
49.0 104.0 68.0 90.0 76.0 65.0 140.7 50.1 20.02 50.02 70.05 50.1 60.06 30.04 90.06 40.01 40.08 20.1 80.07 30.06 40.04 100.05 90.07 50.05 60.09 10.04 70.09 20.06 30.03 100.08 90.08 20.08 50.06 50.1 50.08 70.08 80.06 40.04 40.04 50.07 40.01 100.02 100.05 10.08 90.08 100.08 80.03 100.06 20.05 40.06 20.09 30.01 40.02 30.03 80.03 70.02 30.04 70.02 100.08 30.01 100.02 90.09 30.07 30.08 10.04 70.08 100.09 40.03 90.1 30.05 90.06 60.1 70.02 80.01 30.04 0.5446845682587513
45.0 101.0 62.0 89.0 71.0 61.0 74.0 100.5 20.01 50.02 70.01 50.03 60.07 30.01 90.06 40.01 40.02 20.02 80.06 30.06 40.06 100.06 90.05 50.05 60.07 10.09 70.05 20.07 30.06 100.01 90.03 20.04 50.04 50.01 50.02 70.05 80.09 40.09 40.07 50.02 40.1 100.08 100.03 10.04 90.01 100.1 80.06 100.09 20.05 40.04 20.02 30.09 40.05 30.02 80.07 70.01 30.05 70.03 100.07 30.07 100.04 90.06 30.04 30.01 10.04 70.1 100.08 40.01 90.07 30.03 90.02 60.08 70.04 80.08 30.07 0.7042991373462842
43.0 105.0 67.0 87.0 71.0 62.0 71.0 58.0 40.2 50.05 70.03 50.03 60.05 30.03 90.01 40.04 40.01 20.1 80.07 30.1 40.02 100.01 90.06 50.07 60.08 10.07 70.03 20.08 30.09 100.04 90.09 20.06 50.04 50.08 50.05 70.08 80.01 40.01 40.01 50.07 40.07 100.08 100.01 10.07 90.01 100.07 80.09 100.1 20.09 40.01 20.01 30.05 40.01 30.06 80.1 70.08 30.05 70.02 100.06 30.02 100.01 90.06 30.1 30.04 10.1 70.03 100.06 40.07 90.03 30.08 90.03 60.02 70.06 80.06 30.05 0.6446790854091344
47.0 103.0 66.0 85.0 72.0 61.0 78.0 54.0 21.0 100.5 70.03 50.09 60.08 30.01 90.02 40.01 40.02 20.08 80.1 30.07 40.01 100.05 90.01 50.03 60.05 10.01 70.02 20.01 30.1 100.07 90.01 20.01 50.01 50.07 50.08 70.02 80.05 40.06 40.02 50.1 40.09 100.1 100.1 10.08 90.08 100.04 80.08 100.05 20.03 40.05 20.02 30.07 40.06 30.09 80.02 70.09 30.05 70.06 100.01 30.06 100.04 90.07 30.1 30.05 10.08 70.1 100.02 40.1 90.06 30.02 90.04 60.01 70.07 80.05 30.06 0.6306201532644233
49.0 102.0 64.0 88.0 71.0 67.0 74.0 54.0 23.0 53.0 140.7 50.02 60.04 30.04 90.01 40.01 40.06 20.04 80.03 30.08 40.05 100.02 90.1 50.02 60.05 10.04 70.02 20.07 30.02 100.07 90.03 20.03 50.09 50.08 50.1 70.09 80.08 40.09 40.1 50.02 40.02 100.08 100.06 10.03 90.09 100.02 80.05 100.06 20.1 40.04 20.04 30.03 40.01 30.04 80.04 70.06 30.01 70.08 100.04 30.08 100.1 90.09 30.08 30.08 10.04 70.06 100.01 40.08 90.03 30.03 90.04 60.06 70.02 80.09 30.09 0.9248879893723748
44.0 103.0 63.0 86.0 75.0 65.0 73.0 54.0 30.0 52.0 80.0 100.5 60.07 30.01 90.03 40.04 40.05 20.03 80.02 30.04 40.09 100.05 90.03 50.02 60.01 10.05 70.08 20.05 30.03 100.05 90.01 20.05 50.09 50.1 50.03 70.05 80.02 40.09 40.03 50.04 40.03 100.01 100.02 10.02 90.01 100.05 80.06 100.05 20.09 40.05 20.05 30.04 40.06 30.1 80.08 70.1 30.07 70.01 100.1 30.02 100.09 90.03 30.1 30.07 10.03 70.06 100.07 40.04 90.01 30.06 90.01 60.01 70.08 80.07 30.07 0.09400787154291745
49.0 105.0 66.0 87.0 77.0 66.0 77.0 56.0 27.0 60.0 71.0 55.0 120.6 30.04 90.09 40.09 40.09 20.06 80.07 30.01 40.08 100.04 90.02 50.05 60.03 10.1 70.04 20.05 30.07 100.02 90.04 20.08 50.07 50.01 50.02 70.06 80.06 40.09 40.07 50.04 40.1 100.01 100.01 10.1 90.06 100.09 80.01 100.02 20.09 40.01 20.02 30.05 40.01 30.07 80.04 70.04 30.07 70.02 100.02 30.07 100.04 90.02 30.03 30.01 10.05 70.09 100.09 40.06 90.04 30.04 90.1 60.01 70.04 80.08 30.07 0.39422950624894937
47.0 104.0 70.0 84.0 72.0 65.0 77.0 58.0 23.0 55.0 75.0 53.0 64.0 60.3 90.08 40.1 40.01 20.03 80.05 30.08 40.03 100.02 90.09 50.01 60.1 10.1 70.09 20.04 30.04 100.07 90.06 20.1 50.01 50.05 50.07 70.08 80.06 40.1 40.03 50.07 40.02 100.08 100.02 10.09 90.09 100.05 80.06 100.04 20.04 40.06 20.02 30.01 40.09 30.08 80.08 70.1 30.06 70.07 100.08 30.03 100.1 90.1 30.08 30.04 10.09 70.09 100.06 40.07 90.06 30.03 90.1 60.03 70.05 80.03 30.06 0.9559537415362351
50.0 101.0 61.0 84.0 76.0 63.0 71.0 55.0 29.0 58.0 72.0 60.0 69.0 40.0 180.9 40.01 40.06 20.02 80.01 30.03 40.08 100.02 90.02 50.04 60.1 10.04 70.07 20.05 30.04 100.01 90.01 20.07 50.09 50.06 50.02 70.06 80.03 40.02 40.06 50.09 40.06 100.03 100.01 10.05 90.04 100.04 80.05 100.04 20.01 40.06 20.09 30.03 40.03 30.05 80.05 70.03 30.02 70.06 100.09 30.03 100.05 90.07 30.05 30.05 10.06 70.08 100.01 40.07 90.04 30.05 90.01 60.02 70.02 80.03 30.09 0.26191294411922095
50.0 105.0 61.0 81.0 77.0 64.0 77.0 60.0 24.0 53.0 78.0 60.0 63.0 40.0 94.0 80.4 40.06 20.03 80.1 30.05 40.1 100.01 90.01 50.07 60.08 10.07 70.01 20.05 30.04 100.02 90.05 20.08 50.09 50.04 50.04 70.1 80.03 40.01 40.09 50.08 40.02 100.08 100.09 10.1 90.1 100.1 80.09 100.01 20.1 40.1 20.02 30.07 40.03 30.09 80.05 70.08 30.03 70.07 100.02 30.07 100.07 90.07 30.02 30.05 10.09 70.03 100.01 40.08 90.04 30.03 90.07 60.04 70.03 80.02 30.02 0.08571416250916153
44.0 104.0 67.0 90.0 75.0 65.0 78.0 51.0 22.0 57.0 77.0 51.0 68.0 32.0 96.0 42.0 80.4 20.1 80.04 30.05 40.08 100.08 90.01 50.09 60.1 10.02 70.09 20.05 30.06 100.02 90.06 20.01 50.1 50.06 50.1 70.01 80.07 40.09 40.07 50.08 40.03 100.08 100.03 10.01 90.09 100.1 80.07 100.01 20.01 40.05 20.05 30.02 40.05 30.06 80.03 70.05 30.01 70.03 100.02 30.06 100.08 90.05 30.03 30.02 10.02 70.09 100.05 40.1 90.09 30.06 90.02 60.04 70.07 80.05 30.09 0.8100482197520279
45.0 104.0 69.0 87.0 79.0 69.0 77.0 53.0 22.0 54.0 75.0 55.0 65.0 36.0 97.0 42.0 45.0 40.2 80.05 30.04 40.1 100.09 90.1 50.09 60.02 10.08 70.06 20.01 30.1 100.08 90.07 20.06 50.07 50.07 50.03 70.03 80.07 40.1 40.01 50.06 40.07 100.08 100.02 10.06 90.02 100.01 80.01 100.1 20.01 40.01 20.07 30.08 40.09 30.05 80.01 70.07 30.04 70.06 100.08 30.07 100.07 90.03 30.03 30.06 10.06 70.01 100.09 40.09 90.09 30.09 90.08 60.03 70.05 80.09 30.07 0.4533714626824279
42.0 102.0 69.0 89.0 71.0 64.0 75.0 59.0 25.0 57.0 78.0 57.0 64.0 38.0 99.0 43.0 44.0 30.0 160.8 30.05 40.05 100.03 90.09 50.1 60.06 10.01 70.03 20.01 30.06 100.05 90.02 20.03 50.05 50.06 50.09 70.05 80.01 40.04 40.07 50.01 40.07 100.03 100.1 10.04 90.04 100.02 80.05 100.04 20.08 40.03 20.1 30.07 40.03 30.04 80.07 70.01 30.01 70.01 100.06 30.02 100.02 90.07 30.06 30.03 10.09 70.05 100.05 40.08 90.05 30.05 90.03 60.09 70.05 80.01 30.05 0.6344672160729129
44.0 107.0 66.0 89.0 72.0 66.0 73.0 60.0 21.0 60.0 78.0 56.0 68.0 36.0 96.0 50.0 42.0 22.0 85.0 60.3 40.08 100.09 90.05 50.03 60.08 10.08 70.08 20.02 30.02 100.03 90.03 20.02 50.05 50.09 50.05 70.1 80.01 40.01 40.09 50.06 40.08 100.1 100.1 10.02 90.04 100.05 80.06 100.02 20.04 40.07 20.1 30.1 40.03 30.1 80.06 70.07 30.02 70.1 100.09 30.02 100.01 90.1 30.09 30.1 10.07 70.07 100.08 40.04 90.1 30.03 90.02 60.1 70.1 80.08 30.03 0.2012684842921335
47.0 107.0 63.0 81.0 78.0 65.0 71.0 55.0 27.0 59.0 77.0 51.0 62.0 34.0 96.0 50.0 44.0 28.0 83.0 33.0 80.4 100.05 90.03 50.01 60.03 10.1 70.1 20.02 30.07 100.1 90.1 20.04 50.04 50.04 50.01 70.05 80.02 40.1 40.06 50.09 40.08 100.09 100.1 10.08 90.01 100.07 80.05 100.04 20.06 40.02 20.07 30.01 40.08 30.08 80.02 70.1 30.03 70.02 100.04 30.04 100.01 90.04 30.02 30.02 10.09 70.01 100.01 40.1 90.09 30.05 90.06 60.01 70.05 80.1 30.07 0.7372388550838126
43.0 103.0 69.0 81.0 77.0 61.0 72.0 57.0 29.0 56.0 73.0 58.0 67.0 40.0 91.0 47.0 46.0 27.0 89.0 36.0 43.0 201.0 90.06 50.1 60.08 10.02 70.05 20.09 30.06 100.06 90.08 20.1 50.08 50.01 50.07 70.1 80.04 40.05 40.01 50.07 40.1 100.08 100.07 10.1 90.03 100.05 80.06 100.08 20.05 40.05 20.03 30.05 40.09 30.02 80.01 70.07 30.06 70.09 100.04 30.1 100.03 90.03 30.07 30.09 10.04 70.1 100.1 40.08 90.04 30.07 90.01 60.03 70.03 80.03 30.07 0.6593301046008115
50.0 106.0 65.0 82.0 76.0 63.0 72.0 58.0 26.0 55.0 71.0 60.0 69.0 37.0 94.0 47.0 49.0 30.0 85.0 32.0 41.0 101.0 180.9 50.01 60.08 10.06 70.03 20.1 30.1 100.03 90.06 20.01 50.05 50.06 50.02 70.08 80.05 40.04 40.06 50.02 40.06 100.04 100.02 10.01 90.1 100.04 80.1 100.02 20.06 40.09 20.09 30.07 40.03 30.08 80.02 70.06 30.02 70.09 100.01 30.04 100.09 90.09 30.01 30.03 10.08 70.1 100.05 40.01 90.1 30.03 90.08 60.07 70.01 80.06 30.03 0.26151033440951
49.0 107.0 66.0 81.0 77.0 67.0 75.0 52.0 29.0 51.0 74.0 53.0 66.0 40.0 97.0 48.0 48.0 23.0 88.0 37.0 48.0 103.0 92.0 100.5 60.03 10.08 70.06 20.07 30.01 100.02 90.01 20.1 50.01 50.1 50.05 70.09 80.02 40.07 40.07 50.05 40.01 100.04 100.09 10.08 90.07 100.05 80.04 100.02 20.04 40.06 20.02 30.1 40.01 30.02 80.09 70.06 30.02 70.05 100.09 30.1 100.01 90.1 30.1 30.03 10.07 70.09 100.03 40.1 90.06 30.07 90.04 60.05 70.04 80.05 30.09 0.2701712447417207
47.0 101.0 61.0 88.0 72.0 69.0 77.0 60.0 26.0 59.0 76.0 56.0 66.0 31.0 97.0 43.0 41.0 26.0 83.0 38.0 48.0 107.0 94.0 56.0 120.6 10.09 70.02 20.1 30.05 100.08 90.03 20.04 50.05 50.04 50.08 70.06 80.05 40.05 40.08 50.09 40.01 100.03 100.01 10.07 90.04 100.04 80.08 100.03 20.09 40.09 20.01 30.03 40.07 30.1 80.03 70.04 30.08 70.03 100.01 30.09 100.04 90.02 30.07 30.02 10.01 70.1 100.1 40.09 90.09 30.09 90.08 60.01 70.01 80.08 30.06 0.7231367102657739
42.0 105.0 64.0 89.0 72.0 63.0 72.0 54.0 30.0 56.0 75.0 51.0 61.0 38.0 95.0 42.0 41.0 30.0 85.0 39.0 44.0 105.0 95.0 55.0 69.0 20.1 70.1 20.09 30.08 100.01 90.03 20.07 50.05 50.1 50.08 70.03 80.02 40.01 40.08 50.07 40.07 100.07 100.01 10.02 90.06 100.07 80.08 100.01 20.01 40.08 20.03 30.05 40.07 30.05 80.1 70.01 30.09 70.1 100.08 30.03 100.07 90.06 30.02 30.1 10.03 70.1 100.07 40.06 90.07 30.1 90.04 60.07 70.05 80.03 30.06 0.1730141691724828
45.0 107.0 68.0 81.0 71.0 61.0 80.0 58.0 30.0 57.0 75.0 52.0 63.0 38.0 91.0 41.0 48.0 27.0 89.0 34.0 47.0 103.0 98.0 59.0 68.0 16.0 140.7 20.06 30.01 100.1 90.04 20.03 50.08 50.04 50.04 70.05 80.02 40.04 40.04 50.02 40.09 100.1 100.09 10.03 90.09 100.08 80.09 100.1 20.07 40.01 20.05 30.01 40.07 30.06 80.06 70.01 30.1 70.05 100.01 30.1 100.06 90.03 30.06 30.1 10.04 70.01 100.09 40.08 90.06 30.07 90.06 60.03 70.04 80.08 30.09 0.19335470009846578
48.0 101.0 65.0 90.0 79.0 70.0 76.0 59.0 28.0 57.0 79.0 56.0 67.0 35.0 91.0 49.0 45.0 21.0 90.0 34.0 48.0 108.0 91.0 57.0 69.0 18.0 78.0 40.2 30.1 100.07 90.1 20.01 50.06 50.1 50.09 70.02 80.1 40.06 40.08 50.01 40.07 100.05 100.1 10.01 90.06 100.1 80.1 100.09 20.09 40.07 20.09 30.01 40.04 30.06 80.08 70.01 30.1 70.07 100.01 30.06 100.06 90.03 30.09 30.02 10.05 70.09 100.04 40.03 90.03 30.01 90.02 60.06 70.1 80.1 30.06 0.7607996777320404
41.0 103.0 70.0 86.0 74.0 64.0 75.0 56.0 27.0 57.0 75.0 59.0 64.0 31.0 92.0 45.0 49.0 27.0 87.0 36.0 43.0 106.0 100.0 55.0 61.0 13.0 73.0 21.0 60.3 100.1 90.01 20.06 50.03 50.08 50.06 70.01 80.04 40.03 40.05 50.08 40.04 100.08 100.03 10.07 90.08 100.09 80.08 100.01 20.02 40.04 20.05 30.01 40.06 30.06 80.08 70.07 30.08 70.03 100.08 30.09 100.04 90.03 30.01 30.06 10.09 70.06 100.09 40.05 90.02 30.08 90.01 60.04 70.02 80.04 30.06 0.46315842117463524
50.0 108.0 69.0 89.0 76.0 62.0 78.0 55.0 24.0 55.0 79.0 52.0 65.0 35.0 94.0 46.0 44.0 28.0 90.0 33.0 46.0 109.0 100.0 57.0 68.0 12.0 80.0 24.0 39.0 201.0 90.05 20.04 50.06 50.06 50.09 70.03 80.01 40.1 40.02 50.08 40.02 100.02 100.03 10.02 90.09 100.05 80.09 100.08 20.08 40.03 20.04 30.1 40.07 30.1 80.06 70.06 30.02 70.03 100.01 30.02 100.09 90.08 30.07 30.02 10.1 70.07 100.02 40.1 90.08 30.04 90.03 60.06 70.01 80.06 30.02 0.6427804261946184
42.0 107.0 62.0 81.0 78.0 70.0 73.0 58.0 27.0 51.0 73.0 58.0 68.0 38.0 93.0 47.0 44.0 22.0 82.0 37.0 41.0 102.0 96.0 56.0 67.0 20.0 76.0 28.0 36.0 102.0 180.9 20.09 50.06 50.03 50.05 70.09 80.05 40.04 40.05 50.08 40.06 100.02 100.07 10.04 90.08 100.02 80.02 100.09 20.06 40.01 20.06 30.1 40.06 30.02 80.03 70.09 30.1 70.04 100.02 30.01 100.04 90.09 30.01 30.03 10.02 70.06 100.1 40.09 90.1 30.04 90.06 60.08 70.08 80.05 30.05 0.8452163353522133
41.0 107.0 64.0 83.0 80.0 69.0 77.0 56.0 26.0 53.0 73.0 58.0 61.0 34.0 92.0 43.0 43.0 25.0 81.0 38.0 42.0 106.0 97.0 55.0 69.0 18.0 77.0 29.0 36.0 110.0 100.0 40.2 50.09 50.01 50.04 70.09 80.03 40.06 40.09 50.1 40.07 100.1 100.03 10.03 90.03 100.02 80.06 100.01 20.07 40.02 20.09 30.1 40.1 30.1 80.04 70.09 30.04 70.03 100.07 30.09 100.05 90.04 30.01 30.09 10.09 70.06 100.1 40.06 90.06 30.06 90.06 60.06 70.07 80.04 30.03 0.15650910060892753
45.0 105.0 67.0 81.0 73.0 61.0 72.0 59.0 30.0 54.0 78.0 51.0 61.0 38.0 96.0 42.0 44.0 30.0 84.0 35.0 47.0 108.0 100.0 58.0 66.0 17.0 79.0 22.0 31.0 105.0 93.0 28.0 100.5 50.1 50.09 70.08 80.02 40.06 40.08 50.08 40.03 100.06 100.04 10.07 90.1 100.09 80.08 100.03 20.1 40.06 20.02 30.08 40.01 30.03 80.05 70.04 30.06 70.03 100.04 30.06 100.07 90.01 30.02 30.07 10.09 70.08 100.03 40.06 90.03 30.08 90.02 60.05 70.02 80.04 30.05 0.9140757832171309
49.0 108.0 61.0 87.0 78.0 70.0 77.0 60.0 23.0 53.0 78.0 58.0 68.0 33.0 91.0 43.0 48.0 29.0 89.0 31.0 42.0 106.0 95.0 51.0 62.0 17.0 78.0 30.0 37.0 104.0 93.0 26.0 54.0 100.5 50.07 70.02 80.07 40.07 40.07 50.07 40.05 100.04 100.03 10.1 90.02 100.06 80.03 100.08 20.09 40.02 20.08 30.1 40.09 30.08 80.04 70.06 30.06 70.07 100.06 30.09 100.04 90.05 30.02 30.04 10.06 70.03 100.1 40.06 90.07 30.01 90.06 60.08 70.07 80.08 30.02 0.4404304490875365
48.0 110.0 62.0 88.0 78.0 65.0 71.0 59.0 24.0 53.0 74.0 52.0 61.0 36.0 92.0 41.0 48.0 29.0 83.0 33.0 46.0 101.0 99.0 59.0 65.0 16.0 76.0 22.0 31.0 102.0 96.0 30.0 54.0 56.0 100.5 70.08 80.09 40.08 40.05 50.02 40.09 100.04 100.03 10.02 90.06 100.08 80.04 100.01 20.05 40.1 20.04 30.03 40.05 30.06 80.05 70.08 30.09 70.03 100.05 30.07 100.08 90.08 30.06 30.01 10.06 70.1 100.01 40.03 90.02 30.04 90.07 60.06 70.07 80.07 30.06 0.8208754850191864
50.0 108.0 65.0 85.0 78.0 61.0 78.0 52.0 30.0 56.0 77.0 54.0 63.0 31.0 97.0 47.0 42.0 27.0 84.0 35.0 46.0 103.0 91.0 54.0 61.0 19.0 75.0 29.0 36.0 106.0 99.0 23.0 52.0 59.0 57.0 140.7 80.07 40.06 40.05 50.06 40.08 100.07 100.06 10.08 90.08 100.08 80.06 100.01 20.09 40.04 20.09 30.01 40.1 30.03 80.06 70.03 30.05 70.05 100.05 30.03 100.08 90.09 30.01 30.08 10.1 70.03 100.05 40.04 90.1 30.06 90.02 60.06 70.1 80.05 30.01 0.12517215939931814
46.0 105.0 64.0 89.0 75.0 61.0 74.0 59.0 27.0 58.0 78.0 57.0 69.0 31.0 97.0 50.0 48.0 27.0 86.0 40.0 44.0 110.0 100.0 53.0 62.0 18.0 75.0 24.0 38.0 108.0 96.0 25.0 57.0 51.0 58.0 71.0 160.8 40.04 40.07 50.02 40.01 100.04 100.01 10.05 90.1 100.1 80.09 100.09 20.05 40.08 20.06 30.08 40.09 30.08 80.06 70.03 30.05 70.04 100.05 30.05 100.03 90.09 30.02 30.06 10.1 70.05 100.01 40.09 90.06 30.07 90.07 60.1 70.05 80.06 30.03 0.5719763572106861
45.0 105.0 61.0 81.0 80.0 66.0 75.0 56.0 23.0 54.0 73.0 51.0 63.0 33.0 91.0 42.0 41.0 29.0 85.0 36.0 43.0 101.0 97.0 56.0 63.0 12.0 72.0 30.0 39.0 103.0 94.0 29.0 58.0 51.0 59.0 80.0 85.0 80.4 40.09 50.05 40.03 100.08 100.07 10.09 90.09 100.02 80.08 100.1 20.02 40.05 20.04 30.01 40.04 30.09 80.04 70.06 30.08 70.05 100.1 30.02 100.1 90.05 30.01 30.04 10.02 70.1 100.04 40.04 90.09 30.09 90.02 60.05 70.1 80.07 30.06 0.8207830974431871
42.0 107.0 63.0 81.0 72.0 69.0 73.0 53.0 22.0 55.0 72.0 59.0 67.0 38.0 99.0 48.0 41.0 25.0 81.0 33.0 45.0 105.0 97.0 52.0 68.0 16.0 72.0 23.0 37.0 108.0 92.0 30.0 58.0 60.0 55.0 76.0 85.0 41.0 80.4 50.07 40.06 100.03 100.03 10.06 90.04 100.05 80.01 100.05 20.06 40.01 20.07 30.02 40.07 30.1 80.02 70.08 30.08 70.07 100.09 30.06 100.08 90.03 30.01 30.03 10.08 70.04 100.06 40.06 90.05 30.06 90.02 60.08 70.02 80.02 30.07 0.7630773900355713
46.0 106.0 67.0 81.0 73.0 61.0 72.0 56.0 21.0 53.0 76.0 53.0 69.0 36.0 98.0 50.0 50.0 30.0 82.0 38.0 50.0 108.0 95.0 54.0 69.0 12.0 75.0 27.0 33.0 103.0 96.0 24.0 60.0 51.0 59.0 74.0 82.0 44.0 41.0 100.5 40.03 100.1 100.03 10.03 90.05 100.08 80.1 100.09 20.03 40.06 20.09 30.02 40.08 30.04 80.08 70.02 30.07 70.08 100.06 30.03 100.06 90.01 30.1 30.08 10.05 70.03 100.05 40.06 90.05 30.02 90.08 60.04 70.01 80.07 30.08 0.46273035313793853
41.0 110.0 62.0 86.0 80.0 62.0 72.0 53.0 27.0 57.0 76.0 59.0 66.0 31.0 97.0 50.0 46.0 28.0 87.0 36.0 48.0 101.0 99.0 55.0 64.0 13.0 72.0 26.0 36.0 110.0 96.0 26.0 56.0 58.0 51.0 75.0 81.0 46.0 45.0 56.0 80.4 100.08 100.07 10.01 90.05 100.09 80.09 100.06 20.02 40.04 20.1 30.08 40.02 30.04 80.01 70.03 30.06 70.06 100.01 30.05 100.02 90.02 30.08 30.02 10.01 70.1 100.05 40.03 90.02 30.08 90.08 60.08 70.09 80.03 30.05 0.08338384490616113
41.0 109.0 67.0 82.0 79.0 63.0 73.0 55.0 29.0 59.0 78.0 55.0 62.0 35.0 92.0 43.0 47.0 29.0 83.0 33.0 45.0 103.0 92.0 55.0 67.0 13.0 71.0 22.0 34.0 104.0 94.0 26.0 58.0 60.0 57.0 79.0 89.0 49.0 41.0 52.0 42.0 201.0 100.02 10.03 90.02 100.03 80.09 100.05 20.04 40.08 20.1 30.04 40.1 30.05 80.04 70.08 30.08 70.03 100.01 30.05 100.03 90.01 30.05 30.05 10.07 70.02 100.03 40.06 90.1 30.02 90.06 60.06 70.04 80.01 30.1 0.8207971672147585
48.0 102.0 68.0 84.0 74.0 61.0 79.0 55.0 24.0 56.0 78.0 56.0 70.0 34.0 94.0 45.0 44.0 30.0 86.0 32.0 50.0 108.0 98.0 52.0 67.0 20.0 74.0 27.0 38.0 103.0 100.0 25.0 59.0 60.0 51.0 77.0 81.0 49.0 43.0 54.0 43.0 107.0 201.0 10.04 90.06 100.01 80.07 100.07 20.06 40.08 20.04 30.02 40.02 30.09 80.06 70.06 30.03 70.06 100.09 30.01 100.07 90.04 30.04 30.07 10.05 70.08 100.04 40.02 90.1 30.08 90.04 60.04 70.08 80.09 30.07 0.16789877480167548
50.0 107.0 69.0 90.0 78.0 66.0 80.0 54.0 28.0 51.0 78.0 60.0 66.0 34.0 98.0 50.0 46.0 30.0 86.0 35.0 50.0 103.0 100.0 51.0 64.0 18.0 78.0 25.0 32.0 110.0 94.0 23.0 55.0 58.0 51.0 77.0 84.0 42.0 44.0 55.0 49.0 102.0 104.0 20.1 90.06 100.05 80.02 100.03 20.02 40.09 20.07 30.09 40.06 30.04 80.07 70.06 30.08 70.01 100.06 30.01 100.02 90.01 30.03 30.07 10.1 70.02 100.02 40.08 90.05 30.01 90.01 60.02 70.09 80.1 30.02 0.13883224755655488
48.0 103.0 69.0 88.0 78.0 70.0 80.0 55.0 23.0 56.0 80.0 52.0 65.0 33.0 100.0 41.0 43.0 25.0 81.0 39.0 47.0 107.0 91.0 53.0 70.0 12.0 77.0 24.0 33.0 101.0 100.0 30.0 58.0 59.0 55.0 71.0 85.0 46.0 49.0 51.0 48.0 105.0 104.0 13.0 180.9 100.03 80.01 100.1 20.1 40.08 20.04 30.02 40.1 30.1 80.01 70.04 30.03 70.04 100.06 30.02 100.05 90.02 30.01 30.03 10.04 70.09 100.05 40.04 90.1 30.1 90.02 60.03 70.05 80.07 30.03 0.8818016840483969
44.0 103.0 68.0 88.0 80.0 66.0 79.0 57.0 30.0 52.0 74.0 51.0 66.0 33.0 98.0 47.0 46.0 28.0 85.0 31.0 43.0 109.0 96.0 57.0 68.0 14.0 72.0 22.0 31.0 110.0 100.0 29.0 56.0 52.0 53.0 75.0 89.0 46.0 50.0 55.0 44.0 106.0 103.0 19.0 99.0 201.0 80.04 100.09 20.06 40.03 20.01 30.03 40.1 30.06 80.01 70.08 30.02 70.01 100.03 30.05 100.06 90.04 30.03 30.05 10.01 70.06 100.02 40.08 90.01 30.05 90.1 60.06 70.06 80.09 30.1 0.1478265031831616
48.0 105.0 64.0 90.0 72.0 62.0 73.0 60.0 24.0 60.0 79.0 55.0 68.0 40.0 94.0 49.0 44.0 22.0 86.0 32.0 48.0 109.0 100.0 54.0 63.0 14.0 79.0 23.0 32.0 101.0 92.0 25.0 52.0 56.0 55.0 72.0 87.0 42.0 47.0 54.0 50.0 107.0 101.0 12.0 99.0 109.0 160.8 100.07 20.02 40.07 20.02 30.02 40.1 30.02 80.03 70.02 30.06 70.03 100.02 30.03 100.1 90.04 30.08 30.04 10.03 70.09 100.06 40.09 90.06 30.01 90.02 60.04 70.04 80.03 30.03 0.4433538488379155
50.0 105.0 63.0 83.0 76.0 69.0 73.0 56.0 21.0 58.0 79.0 51.0 64.0 33.0 98.0 48.0 50.0 26.0 83.0 38.0 45.0 103.0 92.0 55.0 70.0 13.0 77.0 27.0 34.0 109.0 92.0 24.0 60.0 57.0 57.0 77.0 86.0 46.0 46.0 52.0 50.0 102.0 102.0 16.0 97.0 105.0 82.0 201.0 20.03 40.08 20.04 30.03 40.08 30.09 80.05 70.01 30.09 70.03 100.08 30.08 100.02 90.06 30.05 30.08 10.05 70.03 100.02 40.03 90.05 30.07 90.08 60.1 70.09 80.09 30.01 0.9618902115727739
42.0 102.0 64.0 84.0 73.0 63.0 80.0 56.0 21.0 58.0 78.0 60.0 67.0 38.0 94.0 48.0 41.0 25.0 83.0 38.0 41.0 109.0 91.0 58.0 64.0 12.0 77.0 21.0 36.0 109.0 96.0 24.0 54.0 57.0 52.0 77.0 83.0 50.0 50.0 60.0 45.0 106.0 109.0 17.0 93.0 106.0 90.0 106.0 40.2 40.06 20.06 30.03 40.1 30.02 80.1 70.07 30.01 70.02 100.03 30.04 100.04 90.01 30.05 30.06 10.07 70.09 100.03 40.09 90.03 30.06 90.06 60.02 70.04 80.06 30.09 0.3860635498006839
45.0 107.0 65.0 83.0 76.0 61.0 80.0 52.0 22.0 56.0 74.0 53.0 62.0 35.0 96.0 44.0 49.0 27.0 84.0 39.0 48.0 109.0 98.0 51.0 69.0 14.0 75.0 24.0 32.0 110.0 96.0 30.0 55.0 51.0 56.0 79.0 88.0 46.0 46.0 54.0 48.0 105.0 107.0 15.0 91.0 103.0 85.0 104.0 22.0 80.4 20.05 30.07 40.06 30.1 80.01 70.09 30.05 70.03 100.09 30.01 100.1 90.1 30.09 30.1 10.08 70.02 100.02 40.04 90.01 30.04 90.03 60.02 70.1 80.07 30.03 0.21970334225019894
44.0 106.0 65.0 90.0 80.0 67.0 76.0 56.0 26.0 58.0 76.0 60.0 69.0 40.0 92.0 49.0 49.0 24.0 85.0 39.0 44.0 108.0 100.0 56.0 66.0 17.0 71.0 28.0 37.0 103.0 96.0 29.0 51.0 53.0 58.0 75.0 81.0 50.0 44.0 60.0 49.0 104.0 103.0 15.0 98.0 105.0 87.0 105.0 23.0 42.0 40.2 30.06 40.01 30.09 80.03 70.1 30.01 70.03 100.01 30.03 100.08 90.06 30.01 30.01 10.08 70.03 100.08 40.01 90.08 30.05 90.09 60.07 70.08 80.05 30.09 0.32884611797188856
44.0 110.0 67.0 86.0 72.0 67.0 75.0 56.0 28.0 58.0 71.0 51.0 62.0 33.0 93.0 46.0 50.0 24.0 90.0 38.0 46.0 102.0 97.0 51.0 68.0 20.0 74.0 27.0 31.0 102.0 93.0 27.0 60.0 52.0 59.0 76.0 89.0 43.0 43.0 53.0 48.0 107.0 106.0 17.0 91.0 105.0 86.0 107.0 27.0 48.0 22.0 60.3 40.06 30.06 80.04 70.07 30.06 70.1 100.1 30.1 100.03 90.04 30.1 30.05 10.02 70.04 100.04 40.01 90.09 30.08 90.08 60.09 70.04 80.09 30.06 0.5913858919465325
45.0 108.0 69.0 83.0 78.0 63.0 72.0 60.0 30.0 56.0 74.0 55.0 69.0 36.0 97.0 44.0 46.0 24.0 84.0 35.0 44.0 102.0 98.0 52.0 70.0 18.0 73.0 25.0 37.0 104.0 91.0 27.0 54.0 57.0 54.0 72.0 84.0 47.0 44.0 54.0 45.0 109.0 106.0 12.0 94.0 109.0 83.0 104.0 22.0 45.0 27.0 40.0 80.4 30.07 80.05 70.1 30.02 70.06 100.02 30.03 100.05 90.03 30.04 30.02 10.07 70.02 100.09 40.02 90.05 30.1 90.04 60.07 70.06 80.03 30.03 0.25217894557166876
46.0 103.0 70.0 89.0 75.0 68.0 77.0 56.0 22.0 55.0 76.0 56.0 64.0 33.0 100.0 45.0 45.0 25.0 85.0 32.0 42.0 106.0 95.0 54.0 63.0 18.0 74.0 26.0 34.0 109.0 91.0 21.0 58.0 60.0 59.0 72.0 83.0 42.0 50.0 52.0 42.0 103.0 104.0 12.0 91.0 103.0 90.0 106.0 28.0 41.0 28.0 34.0 48.0 60.3 80.09 70.05 30.04 70.09 100.1 30.08 100.03 90.07 30.1 30.03 10.04 70.07 100.01 40.03 90.04 30.1 90.01 60.03 70.08 80.07 30.09 0.95253191575459
47.0 101.0 65.0 83.0 77.0 69.0 71.0 54.0 28.0 58.0 77.0 59.0 70.0 36.0 100.0 41.0 46.0 30.0 84.0 32.0 47.0 108.0 100.0 54.0 61.0 19.0 77.0 22.0 33.0 106.0 96.0 29.0 60.0 57.0 54.0 78.0 90.0 47.0 42.0 53.0 46.0 103.0 108.0 12.0 96.0 106.0 82.0 109.0 21.0 48.0 24.0 33.0 44.0 32.0 160.8 70.03 30.06 70.1 100.1 30.02 100.01 90.07 30.01 30.08 10.08 70.09 100.1 40.02 90.05 30.01 90.06 60.09 70.01 80.06 30.08 0.31314353555112495
50.0 104.0 63.0 88.0 78.0 64.0 74.0 55.0 23.0 58.0 74.0 52.0 68.0 40.0 95.0 47.0 49.0 27.0 85.0 35.0 50.0 107.0 99.0 59.0 67.0 20.0 72.0 22.0 33.0 109.0 100.0 23.0 58.0 60.0 56.0 72.0 81.0 43.0 44.0 51.0 46.0 105.0 110.0 18.0 91.0 109.0 86.0 104.0 29.0 46.0 26.0 33.0 45.0 33.0 86.0 140.7 30.06 70.03 100.04 30.08 100.04 90.04 30.02 30.01 10.07 70.03 100.06 40.08 90.02 30.08 90.04 60.04 70.06 80.06 30.08 0.3743377175047442
50.0 110.0 61.0 83.0 72.0 61.0 78.0 55.0 24.0 51.0 76.0 60.0 61.0 35.0 95.0 48.0 44.0 28.0 87.0 39.0 47.0 104.0 91.0 53.0 70.0 13.0 79.0 29.0 34.0 108.0 95.0 27.0 56.0 56.0 60.0 79.0 90.0 46.0 48.0 52.0 49.0 105.0 107.0 17.0 92.0 109.0 83.0 101.0 25.0 44.0 23.0 40.0 50.0 33.0 88.0 72.0 60.3 70.08 100.1 30.1 100.04 90.03 30.03 30.06 10.06 70.06 100.08 40.04 90.08 30.02 90.05 60.05 70.01 80.09 30.04 0.6802248816171472
48.0 107.0 66.0 87.0 74.0 61.0 77.0 54.0 27.0 57.0 80.0 60.0 61.0 33.0 91.0 44.0 48.0 21.0 90.0 32.0 50.0 101.0 91.0 54.0 67.0 12.0 74.0 30.0 32.0 108.0 99.0 22.0 55.0 56.0 51.0 79.0 85.0 44.0 46.0 54.0 47.0 101.0 108.0 12.0 95.0 109.0 88.0 107.0 25.0 43.0 27.0 39.0 48.0 33.0 84.0 78.0 39.0 140.7 100.1 30.07 100.09 90.06 30.1 30.05 10.06 70.08 100.1 40.03 90.02 30.02 90.09 60.04 70.01 80.1 30.02 0.8946958725840025
43.0 102.0 65.0 87.0 80.0 69.0 79.0 53.0 22.0 58.0 75.0 54.0 70.0 38.0 98.0 48.0 48.0 26.0 81.0 34.0 45.0 103.0 98.0 55.0 69.0 13.0 71.0 30.0 35.0 110.0 92.0 21.0 60.0 54.0 55.0 75.0 88.0 50.0 43.0 56.0 43.0 103.0 106.0 17.0 98.0 108.0 82.0 104.0 26.0 49.0 21.0 35.0 45.0 36.0 85.0 80.0 33.0 77.0 201.0 30.06 100.06 90.01 30.02 30.07 10.06 70.01 100.09 40.06 90.05 30.1 90.05 60.08 70.02 80.02 30.1 0.5625656932983045
49.0 105.0 67.0 90.0 72.0 61.0 75.0 54.0 22.0 52.0 75.0 57.0 68.0 40.0 96.0 42.0 42.0 25.0 85.0 39.0 48.0 104.0 97.0 58.0 70.0 15.0 74.0 26.0 34.0 104.0 93.0 27.0 56.0 57.0 59.0 75.0 87.0 47.0 42.0 57.0 41.0 103.0 107.0 17.0 98.0 108.0 86.0 104.0 21.0 47.0 30.0 31.0 46.0 39.0 90.0 76.0 39.0 79.0 105.0 60.3 100.03 90.09 30.01 30.09 10.1 70.02 100.1 40.02 90.02 30.04 90.07 60.06 70.04 80.05 30.05 0.45342243009038785
49.0 109.0 63.0 84.0 80.0 69.0 77.0 53.0 29.0 59.0 80.0 57.0 66.0 34.0 93.0 49.0 46.0 28.0 81.0 40.0 46.0 106.0 95.0 54.0 69.0 18.0 73.0 22.0 31.0 103.0 98.0 29.0 51.0 58.0 58.0 72.0 90.0 41.0 42.0 52.0 43.0 105.0 101.0 11.0 94.0 110.0 81.0 104.0 28.0 47.0 27.0 40.0 49.0 32.0 81.0 78.0 37.0 77.0 102.0 37.0 201.0 90.03 30.06 30.02 10.1 70.1 100.09 40.05 90.04 30.04 90.07 60.06 70.03 80.01 30.02 0.2100070860117167
46.0 101.0 67.0 83.0 73.0 68.0 73.0 56.0 27.0 59.0 79.0 58.0 63.0 32.0 91.0 45.0 49.0 23.0 83.0 31.0 44.0 102.0 92.0 58.0 62.0 14.0 80.0 29.0 35.0 107.0 99.0 23.0 56.0 59.0 60.0 80.0 82.0 48.0 49.0 58.0 46.0 109.0 108.0 20.0 100.0 108.0 89.0 106.0 30.0 41.0 24.0 39.0 46.0 35.0 90.0 71.0 35.0 75.0 106.0 34.0 105.0 180.9 30.06 30.03 10.02 70.06 100.06 40.03 90.05 30.07 90.01 60.01 70.08 80.08 30.1 0.10460056192523248
41.0 104.0 62.0 82.0 73.0 65.0 71.0 53.0 30.0 60.0 71.0 51.0 63.0 31.0 96.0 50.0 50.0 29.0 85.0 35.0 49.0 103.0 98.0 59.0 64.0 18.0 74.0 27.0 38.0 101.0 100.0 28.0 55.0 53.0 57.0 71.0 85.0 41.0 45.0 58.0 41.0 109.0 110.0 15.0 92.0 101.0 89.0 102.0 25.0 45.0 21.0 35.0 46.0 34.0 87.0 79.0 33.0 78.0 102.0 32.0 108.0 92.0 60.3 30.01 10.05 70.1 100.1 40.1 90.04 30.04 90.08 60.04 70.04 80.05 30.09 0.5613921625257583
50.0 103.0 65.0 90.0 78.0 61.0 77.0 54.0 28.0 58.0 73.0 58.0 66.0 39.0 92.0 43.0 46.0 22.0 85.0 36.0 48.0 107.0 92.0 60.0 61.0 17.0 77.0 24.0 35.0 104.0 99.0 23.0 54.0 53.0 60.0 77.0 86.0 47.0 46.0 56.0 47.0 109.0 104.0 14.0 97.0 104.0 83.0 107.0 21.0 47.0 25.0 40.0 44.0 33.0 87.0 79.0 35.0 77.0 103.0 33.0 110.0 100.0 37.0 60.3 10.06 70.09 100.01 40.06 90.08 30.06 90.08 60.01 70.07 80.07 30.09 0.9487412395381803
45.0 101.0 66.0 90.0 74.0 67.0 73.0 52.0 23.0 54.0 80.0 56.0 61.0 33.0 100.0 42.0 41.0 30.0 85.0 31.0 48.0 107.0 100.0 58.0 67.0 17.0 75.0 28.0 31.0 102.0 91.0 23.0 51.0 54.0 59.0 72.0 86.0 41.0 47.0 56.0 44.0 102.0 101.0 12.0 93.0 104.0 90.0 104.0 25.0 48.0 28.0 37.0 41.0 33.0 85.0 71.0 31.0 78.0 104.0 40.0 102.0 92.0 37.0 37.0 20.1 70.1 100.02 40.03 90.07 30.03 90.09 60.03 70.01 80.02 30.02 0.9374533561452942
49.0 103.0 62.0 83.0 72.0 66.0 80.0 60.0 29.0 58.0 73.0 59.0 69.0 40.0 91.0 46.0 48.0 21.0 90.0 34.0 43.0 107.0 91.0 59.0 63.0 14.0 72.0 28.0 39.0 107.0 97.0 22.0 52.0 56.0 56.0 74.0 87.0 48.0 49.0 60.0 43.0 108.0 101.0 16.0 94.0 101.0 89.0 109.0 25.0 42.0 28.0 33.0 46.0 38.0 87.0 79.0 40.0 75.0 101.0 36.0 105.0 93.0 38.0 35.0 18.0 140.7 100.09 40.06 90.08 30.07 90.01 60.08 70.05 80.04 30.06 0.07409768959778229
48.0 109.0 67.0 86.0 80.0 68.0 73.0 58.0 24.0 60.0 73.0 53.0 66.0 39.0 98.0 46.0 50.0 26.0 81.0 40.0 43.0 105.0 100.0 55.0 66.0 13.0 78.0 24.0 31.0 101.0 98.0 23.0 57.0 52.0 53.0 76.0 83.0 41.0 47.0 54.0 48.0 103.0 105.0 16.0 100.0 107.0 90.0 107.0 21.0 46.0 22.0 39.0 43.0 31.0 88.0 78.0 40.0 79.0 102.0 35.0 104.0 99.0 32.0 36.0 14.0 76.0 201.0 40.01 90.05 30.09 90.01 60.08 70.07 80.08 30.09 0.18285842040830214
42.0 105.0 66.0 86.0 71.0 63.0 79.0 52.0 29.0 54.0 78.0 59.0 65.0 34.0 91.0 49.0 49.0 28.0 90.0 37.0 44.0 102.0 94.0 60.0 64.0 14.0 71.0 23.0 36.0 102.0 91.0 23.0 56.0 53.0 58.0 80.0 81.0 47.0 45.0 53.0 50.0 107.0 103.0 14.0 98.0 103.0 87.0 105.0 22.0 41.0 29.0 31.0 43.0 39.0 86.0 75.0 33.0 80.0 107.0 40.0 107.0 96.0 33.0 37.0 20.0 72.0 105.0 80.4 90.06 30.02 90.03 60.01 70.1 80.07 30.05 0.23551253447597542
43.0 104.0 69.0 87.0 74.0 62.0 71.0 56.0 30.0 56.0 79.0 53.0 62.0 40.0 97.0 41.0 41.0 23.0 88.0 40.0 49.0 103.0 93.0 51.0 68.0 18.0 74.0 26.0 38.0 106.0 91.0 26.0 56.0 58.0 57.0 79.0 85.0 41.0 48.0 60.0 44.0 103.0 102.0 13.0 100.0 109.0 85.0 103.0 28.0 49.0 21.0 31.0 46.0 39.0 81.0 71.0 37.0 73.0 105.0 40.0 110.0 98.0 34.0 33.0 16.0 71.0 105.0 47.0 180.9 30.07 90.03 60.08 70.04 80.03 30.1 0.9719562456459403
47.0 102.0 61.0 88.0 77.0 65.0 74.0 58.0 26.0 55.0 80.0 57.0 64.0 34.0 100.0 46.0 48.0 30.0 87.0 35.0 44.0 104.0 91.0 51.0 66.0 15.0 74.0 30.0 31.0 108.0 95.0 26.0 58.0 58.0 53.0 78.0 86.0 45.0 41.0 54.0 43.0 110.0 108.0 17.0 94.0 107.0 82.0 106.0 25.0 44.0 23.0 37.0 43.0 37.0 83.0 79.0 31.0 76.0 109.0 32.0 101.0 96.0 36.0 35.0 19.0 73.0 110.0 46.0 96.0 60.3 90.03 60.08 70.1 80.04 30.01 0.6738079963216994
49.0 104.0 62.0 89.0 74.0 61.0 71.0 55.0 22.0 60.0 74.0 57.0 66.0 33.0 94.0 45.0 49.0 28.0 89.0 40.0 45.0 110.0 94.0 54.0 63.0 17.0 76.0 28.0 38.0 109.0 96.0 23.0 57.0 59.0 58.0 76.0 88.0 42.0 44.0 54.0 44.0 109.0 107.0 15.0 95.0 107.0 85.0 103.0 23.0 47.0 27.0 34.0 50.0 39.0 81.0 79.0 40.0 72.0 103.0 39.0 104.0 98.0 36.0 39.0 17.0 75.0 102.0 47.0 99.0 35.0 180.9 60.05 70.09 80.09 30.06 0.05524388678491887
48.0 103.0 69.0 85.0 72.0 67.0 72.0 51.0 21.0 56.0 74.0 60.0 67.0 35.0 97.0 44.0 46.0 29.0 88.0 38.0 43.0 108.0 93.0 54.0 63.0 16.0 71.0 24.0 37.0 104.0 94.0 25.0 51.0 60.0 51.0 79.0 81.0 41.0 49.0 60.0 42.0 109.0 110.0 16.0 94.0 109.0 82.0 101.0 23.0 44.0 25.0 37.0 46.0 37.0 84.0 74.0 32.0 80.0 107.0 35.0 103.0 98.0 38.0 35.0 13.0 73.0 103.0 42.0 96.0 39.0 93.0 120.6 70.06 80.07 30.08 0.21847540769652374
49.0 109.0 69.0 88.0 71.0 68.0 74.0 53.0 28.0 57.0 77.0 51.0 63.0 33.0 93.0 43.0 42.0 22.0 87.0 34.0 42.0 108.0 92.0 53.0 70.0 11.0 80.0 26.0 39.0 109.0 91.0 23.0 58.0 56.0 52.0 73.0 82.0 47.0 49.0 56.0 48.0 105.0 106.0 13.0 92.0 105.0 90.0 105.0 24.0 47.0 30.0 40.0 42.0 38.0 88.0 71.0 33.0 80.0 107.0 33.0 106.0 99.0 37.0 40.0 20.0 76.0 109.0 47.0 95.0 35.0 99.0 63.0 140.7 80.06 30.05 0.9222111392841207
50.0 102.0 65.0 84.0 80.0 65.0 76.0 58.0 21.0 60.0 78.0 51.0 69.0 36.0 98.0 46.0 46.0 22.0 85.0 31.0 41.0 102.0 93.0 58.0 62.0 16.0 74.0 23.0 36.0 107.0 93.0 28.0 59.0 54.0 53.0 76.0 84.0 46.0 45.0 56.0 45.0 105.0 105.0 16.0 94.0 110.0 84.0 102.0 27.0 43.0 29.0 39.0 44.0 37.0 89.0 80.0 33.0 74.0 105.0 31.0 110.0 98.0 38.0 32.0 15.0 73.0 105.0 43.0 91.0 31.0 91.0 67.0 78.0 160.8 30.08 0.47287054756454583
50.0 101.0 64.0 85.0 79.0 66.0 73.0 59.0 26.0 59.0 76.0 60.0 62.0 31.0 98.0 44.0 50.0 27.0 87.0 34.0 44.0 102.0 97.0 55.0 70.0 16.0 75.0 24.0 36.0 107.0 98.0 23.0 59.0 51.0 51.0 71.0 85.0 48.0 47.0 59.0 49.0 105.0 101.0 11.0 94.0 108.0 84.0 105.0 22.0 47.0 25.0 33.0 45.0 38.0 83.0 80.0 32.0 73.0 106.0 36.0 107.0 96.0 39.0 35.0 13.0 73.0 109.0 44.0 93.0 34.0 97.0 68.0 75.0 84.0 60.3 0.821903859102574
