30
50 6 4 3 10 9 3 1 7 7 5 5 1 6 2 6 9 6 9 4 7 2 7 2 9 3 4 1 6 6 0.4873110885251496
5 20 9 5 3 1 5 10 4 6 6 4 4 2 1 10 3 8 2 1 6 1 8 6 1 1 6 5 5 6 0.15987319265038025
2 3 10 9 7 2 2 4 5 2 9 7 10 9 6 10 1 7 6 2 6 5 6 8 1 7 8 7 6 10 0.0972743228238776
9 6 7 100 9 1 10 1 5 10 8 4 2 5 2 7 2 1 5 6 4 5 8 2 4 5 10 1 5 2 0.20596521308729776
1 1 5 3 80 1 5 8 7 9 1 1 6 10 10 10 4 7 3 6 7 9 7 10 7 4 1 3 3 1 0.19333572221498785
1 7 6 6 4 60 9 6 1 4 3 2 5 10 3 8 1 5 10 5 3 10 9 9 1 10 8 10 2 4 0.8437996927381147
7 6 5 9 8 8 70 4 9 6 3 6 3 5 5 2 2 7 4 4 7 3 9 7 10 6 9 1 9 6 0.9673503264829634
9 8 1 4 5 6 6 70 10 1 6 3 10 4 8 6 3 1 2 3 2 10 7 10 7 5 6 4 7 6 0.6534771975649969
2 1 5 7 7 4 2 7 20 5 4 2 8 2 10 2 10 4 9 4 6 3 2 5 5 5 2 10 10 8 0.9056938283594453
1 3 7 1 8 6 10 7 1 70 2 4 1 9 5 5 8 7 5 10 10 6 2 2 1 1 7 5 6 5 0.9575476308401198
3 10 5 5 10 8 2 9 3 8 40 6 6 1 3 7 2 1 10 1 4 8 9 8 5 9 3 5 6 1 0.14731098206838
7 8 5 10 1 6 10 4 5 6 4 40 2 8 4 9 9 2 4 1 7 9 4 5 6 5 9 1 4 1 0.7959915700700481
2 1 8 4 4 5 10 8 9 3 10 1 90 1 8 8 9 1 1 7 8 3 7 6 2 4 9 10 10 2 0.3404734644448705
6 8 1 5 3 4 10 5 5 7 4 1 5 90 1 3 8 9 8 1 5 8 4 5 4 3 10 7 10 2 0.14368636548749159
9 7 6 5 10 4 7 9 6 5 8 8 4 9 30 10 10 10 4 6 8 5 4 9 8 6 7 6 9 9 0.6729337098467412
5 8 8 1 5 6 7 4 10 8 7 1 9 1 1 20 4 5 1 5 8 5 9 4 2 8 7 3 7 10 0.1230925653873518
10 9 3 6 2 10 4 6 8 3 4 7 9 6 9 9 40 1 3 9 3 10 9 3 10 5 8 8 2 6 0.2818298034232549
7 10 4 6 2 9 3 6 8 3 9 4 2 4 2 2 1 60 1 1 6 8 5 7 8 2 5 10 2 5 0.07518418757034351
9 1 9 5 1 5 8 4 3 2 2 7 7 10 4 8 6 6 40 10 5 3 4 6 7 3 9 9 7 3 0.5877014319667108
5 7 3 1 3 5 10 7 4 4 5 2 10 10 6 4 6 5 10 40 1 7 2 9 5 8 10 2 4 9 0.26610765103055634
2 3 7 10 2 7 2 2 10 6 10 2 10 1 2 3 1 5 3 2 80 3 1 4 4 9 7 4 5 6 0.34862377221745
1 5 9 5 9 4 4 4 2 4 2 7 8 4 2 6 6 1 7 4 1 30 7 5 5 7 1 7 6 4 0.41463459329140295
10 2 2 10 3 9 5 4 7 2 6 9 3 5 10 8 5 5 4 1 2 2 90 5 6 8 3 8 1 1 0.7741194691033215
9 5 8 3 9 7 4 9 5 6 6 5 1 9 1 3 8 6 5 2 5 6 3 10 4 6 7 1 3 5 0.9442009729342808
1 6 8 6 3 3 7 4 5 2 1 5 6 8 7 5 5 9 4 5 5 3 2 7 80 8 4 4 10 5 0.4068273013379805
4 10 1 5 4 6 9 4 1 4 3 8 8 2 1 6 1 2 5 7 10 3 1 6 10 100 2 9 4 1 0.7296653633412878
7 8 10 7 10 4 5 3 1 3 1 8 8 2 4 5 2 9 1 9 5 7 8 4 8 5 30 7 5 9 0.7830286833121983
5 2 2 3 1 4 4 6 8 7 4 1 2 9 6 10 8 10 2 8 6 4 10 2 3 6 5 70 10 8 0.28552797637495386
1 6 4 1 6 9 10 8 10 3 7 2 7 1 7 6 6 9 7 1 6 10 9 9 9 5 10 4 20 3 0.291771330879779
9 6 9 5 6 3 10 3 10 3 9 10 10 9 1 1 1 4 5 6 4 5 8 7 5 9 4 4 3 70 0.7882996977184735
