50
120.6 70.01 80.08 100.08 80.06 70.05 20.09 90.01 100.07 30.02 70.02 40.03 20.06 40.1 60.1 10.04 10.06 70.03 60.06 100.01 20.04 60.06 90.1 10.08 40.03 100.03 90.02 20.07 40.06 40.03 90.09 100.05 10.04 70.05 90.05 10.01 90.07 100.01 10.02 20.07 70.09 70.05 40.05 40.03 100.05 10.01 50.09 100.05 60.09 80.1 0.9051524452184575
64.0 140.7 80.02 100.08 80.05 70.08 20.05 90.04 100.05 30.07 70.05 40.06 20.03 40.02 60.06 10.04 10.09 70.05 60.02 100.04 20.02 60.08 90.02 10.07 40.01 100.05 90.08 20.09 40.08 40.07 90.01 100.08 10.08 70.07 90.02 10.04 90.07 100.08 10.07 20.05 70.08 70.04 40.09 40.09 100.04 10.04 50.02 100.02 60.02 80.08 0.6713871832510745
69.0 73.0 160.8 100.04 80.08 70.02 20.04 90.09 100.05 30.1 70.08 40.02 20.03 40.01 60.05 10.08 10.06 70.03 60.04 100.07 20.02 60.06 90.03 10.04 40.04 100.09 90.08 20.08 40.03 40.07 90.03 100.01 10.03 70.06 90.04 10.04 90.07 100.02 10.1 20.06 70.05 70.06 40.01 40.05 100.03 10.09 50.03 100.02 60.06 80.02 0.5353513583962045
65.0 74.0 81.0 201.0 80.09 70.01 20.04 90.09 100.02 30.09 70.09 40.02 20.07 40.04 60.1 10.1 10.07 70.02 60.03 100.03 20.07 60.05 90.07 10.02 40.04 100.04 90.04 20.05 40.1 40.05 90.1 100.03 10.07 70.06 90.02 10.08 90.09 100.05 10.01 20.1 70.01 70.01 40.02 40.04 100.04 10.04 50.05 100.06 60.03 80.06 0.4720062168312049
63.0 73.0 84.0 103.0 160.8 70.02 20.1 90.06 100.1 30.06 70.01 40.03 20.03 40.07 60.03 10.08 10.03 70.02 60.09 100.08 20.03 60.09 90.01 10.05 40.1 100.1 90.06 20.05 40.05 40.04 90.04 100.09 10.03 70.06 90.1 10.04 90.03 100.08 10.03 20.07 70.08 70.06 40.08 40.05 100.05 10.08 50.01 100.1 60.02 80.02 0.7346885783087475
64.0 75.0 84.0 104.0 86.0 140.7 20.04 90.06 100.08 30.04 70.02 40.08 20.02 40.04 60.1 10.01 10.02 70.03 60.1 100.01 20.04 60.07 90.02 10.07 40.09 100.1 90.03 20.1 40.09 40.05 90.06 100.06 10.1 70.06 90.09 10.08 90.06 100.02 10.08 20.08 70.02 70.05 40.1 40.06 100.05 10.02 50.07 100.07 60.09 80.01 0.0879509544139
65.0 74.0 82.0 108.0 83.0 74.0 40.2 90.02 100.06 30.06 70.09 40.07 20.04 40.09 60.09 10.06 10.06 70.03 60.03 100.09 20.07 60.02 90.04 10.01 40.06 100.02 90.08 20.01 40.01 40.08 90.08 100.01 10.09 70.07 90.07 10.06 90.09 100.08 10.1 20.05 70.03 70.04 40.05 40.01 100.08 10.1 50.1 100.02 60.04 80.06 0.07384475117657685
70.0 77.0 85.0 109.0 81.0 75.0 26.0 180.9 100.05 30.05 70.1 40.03 20.03 40.1 60.03 10.06 10.08 70.02 60.03 100.06 20.06 60.07 90.1 10.09 40.04 100.09 90.06 20.09 40.01 40.01 90.03 100.03 10.09 70.01 90.06 10.03 90.07 100.1 10.04 20.09 70.09 70.1 40.07 40.02 100.08 10.01 50.07 100.06 60.09 80.03 0.8789770228592907
63.0 74.0 87.0 109.0 86.0 72.0 23.0 100.0 201.0 30.08 70.1 40.08 20.09 40.05 60.04 10.05 10.09 70.07 60.1 100.07 20.03 60.04 90.1 10.1 40.04 100.01 90.08 20.06 40.05 40.05 90.07 100.07 10.1 70.09 90.09 10.05 90.08 100.08 10.1 20.08 70.06 70.06 40.06 40.09 100.01 10.08 50.02 100.08 60.04 80.08 0.9598119381929698
61.0 76.0 84.0 109.0 85.0 79.0 23.0 97.0 105.0 60.3 70.02 40.09 20.03 40.02 60.09 10.1 10.01 70.01 60.08 100.05 20.04 60.04 90.06 10.1 40.02 100.09 90.01 20.04 40.01 40.1 90.05 100.07 10.01 70.07 90.04 10.06 90.09 100.02 10.03 20.09 70.07 70.03 40.01 40.06 100.09 10.05 50.02 100.08 60.08 80.03 0.030781666915357886
64.0 74.0 90.0 105.0 84.0 73.0 30.0 92.0 107.0 33.0 140.7 40.04 20.06 40.09 60.05 10.1 10.07 70.02 60.02 100.08 20.09 60.1 90.02 10.01 40.04 100.03 90.1 20.09 40.05 40.04 90.1 100.09 10.03 70.08 90.08 10.06 90.07 100.04 10.05 20.06 70.01 70.09 40.08 40.04 100.04 10.09 50.01 100.01 60.04 80.09 0.08473392838077953
65.0 77.0 85.0 107.0 86.0 73.0 22.0 99.0 110.0 36.0 80.0 80.4 20.01 40.1 60.08 10.04 10.08 70.03 60.07 100.02 20.06 60.07 90.02 10.04 40.1 100.01 90.05 20.03 40.01 40.06 90.07 100.04 10.05 70.1 90.03 10.04 90.09 100.08 10.02 20.07 70.08 70.06 40.01 40.1 100.03 10.01 50.09 100.01 60.01 80.01 0.5384866961262009
66.0 78.0 86.0 106.0 82.0 78.0 30.0 98.0 107.0 40.0 78.0 48.0 40.2 40.02 60.03 10.07 10.05 70.09 60.08 100.03 20.09 60.1 90.03 10.07 40.08 100.1 90.09 20.06 40.09 40.08 90.08 100.03 10.08 70.08 90.02 10.1 90.07 100.05 10.03 20.09 70.09 70.08 40.03 40.04 100.06 10.04 50.04 100.02 60.1 80.04 0.7567443173831896
63.0 77.0 83.0 104.0 87.0 76.0 25.0 98.0 104.0 38.0 73.0 41.0 23.0 80.4 60.02 10.07 10.08 70.1 60.01 100.08 20.07 60.05 90.04 10.1 40.04 100.1 90.04 20.08 40.1 40.05 90.1 100.06 10.04 70.01 90.08 10.09 90.09 100.06 10.05 20.09 70.06 70.1 40.04 40.1 100.02 10.01 50.01 100.1 60.06 80.02 0.7063883978812013
65.0 75.0 87.0 103.0 83.0 73.0 27.0 94.0 109.0 33.0 78.0 48.0 29.0 50.0 120.6 10.04 10.06 70.08 60.06 100.09 20.03 60.06 90.01 10.01 40.02 100.04 90.1 20.06 40.06 40.01 90.01 100.04 10.09 70.01 90.01 10.01 90.03 100.08 10.05 20.03 70.08 70.09 40.09 40.01 100.08 10.1 50.04 100.07 60.07 80.01 0.0695247200385839
62.0 75.0 88.0 101.0 88.0 80.0 21.0 93.0 110.0 38.0 76.0 47.0 29.0 47.0 69.0 20.1 10.03 70.02 60.05 100.01 20.02 60.01 90.09 10.1 40.02 100.04 90.01 20.07 40.09 40.02 90.04 100.01 10.03 70.07 90.07 10.02 90.04 100.05 10.07 20.01 70.1 70.01 40.05 40.09 100.03 10.08 50.02 100.07 60.06 80.08 0.1204548402805069
64.0 74.0 83.0 105.0 87.0 75.0 30.0 99.0 101.0 32.0 72.0 46.0 21.0 50.0 70.0 12.0 20.1 70.08 60.02 100.04 20.06 60.01 90.06 10.05 40.03 100.05 90.08 20.05 40.02 40.02 90.09 100.08 10.06 70.09 90.05 10.04 90.02 100.06 10.07 20.07 70.04 70.02 40.06 40.05 100.08 10.1 50.09 100.09 60.1 80.08 0.8805087589297614
70.0 80.0 84.0 109.0 83.0 72.0 24.0 97.0 109.0 33.0 79.0 45.0 29.0 42.0 65.0 14.0 11.0 140.7 60.07 100.01 20.07 60.04 90.05 10.09 40.05 100.04 90.07 20.05 40.05 40.1 90.02 100.02 10.1 70.09 90.05 10.09 90.05 100.01 10.1 20.03 70.08 70.07 40.02 40.07 100.06 10.04 50.04 100.1 60.06 80.05 0.9926660804699672
63.0 78.0 90.0 103.0 82.0 73.0 24.0 95.0 101.0 31.0 73.0 45.0 25.0 50.0 68.0 17.0 16.0 71.0 120.6 100.02 20.09 60.07 90.06 10.02 40.05 100.05 90.09 20.01 40.08 40.08 90.01 100.01 10.09 70.1 90.09 10.09 90.1 100.02 10.08 20.1 70.03 70.02 40.09 40.08 100.08 10.02 50.1 100.02 60.08 80.07 0.33048295475395384
62.0 80.0 82.0 104.0 87.0 77.0 28.0 100.0 110.0 31.0 76.0 48.0 28.0 50.0 67.0 15.0 20.0 71.0 61.0 201.0 20.07 60.03 90.09 10.08 40.08 100.02 90.07 20.04 40.03 40.08 90.01 100.05 10.08 70.09 90.01 10.01 90.08 100.04 10.05 20.01 70.05 70.07 40.1 40.01 100.07 10.06 50.05 100.04 60.01 80.05 0.516631687183198
69.0 80.0 82.0 101.0 84.0 73.0 29.0 95.0 102.0 35.0 75.0 44.0 26.0 43.0 63.0 13.0 12.0 72.0 70.0 106.0 40.2 60.09 90.01 10.05 40.1 100.04 90.08 20.06 40.08 40.07 90.06 100.08 10.04 70.05 90.08 10.03 90.08 100.08 10.09 20.1 70.03 70.08 40.08 40.07 100.03 10.01 50.08 100.04 60.1 80.1 0.6251778115694149
64.0 71.0 90.0 105.0 86.0 74.0 27.0 97.0 102.0 37.0 72.0 49.0 28.0 41.0 69.0 16.0 14.0 78.0 61.0 102.0 24.0 120.6 90.06 10.03 40.03 100.01 90.09 20.07 40.06 40.01 90.02 100.01 10.02 70.07 90.1 10.09 90.01 100.03 10.1 20.06 70.01 70.04 40.1 40.03 100.08 10.1 50.05 100.04 60.03 80.06 0.1922400260946866
70.0 74.0 87.0 102.0 86.0 79.0 29.0 93.0 103.0 40.0 80.0 48.0 25.0 42.0 62.0 15.0 14.0 80.0 63.0 101.0 30.0 69.0 180.9 10.02 40.04 100.06 90.09 20.1 40.05 40.07 90.01 100.08 10.04 70.02 90.02 10.03 90.08 100.09 10.01 20.04 70.01 70.09 40.03 40.1 100.02 10.09 50.02 100.03 60.07 80.08 0.41076018950393123
68.0 71.0 83.0 107.0 86.0 71.0 30.0 91.0 107.0 38.0 79.0 50.0 27.0 48.0 63.0 15.0 19.0 77.0 63.0 104.0 28.0 68.0 98.0 20.1 40.06 100.03 90.06 20.04 40.01 40.03 90.03 100.02 10.1 70.02 90.08 10.07 90.1 100.1 10.09 20.09 70.09 70.1 40.08 40.02 100.06 10.1 50.01 100.08 60.03 80.03 0.11811017437009574
67.0 76.0 88.0 109.0 84.0 72.0 24.0 97.0 108.0 35.0 78.0 48.0 24.0 42.0 69.0 12.0 17.0 77.0 68.0 107.0 29.0 67.0 91.0 17.0 80.4 100.08 90.03 20.1 40.1 40.08 90.08 100.01 10.09 70.05 90.06 10.05 90.1 100.09 10.07 20.07 70.1 70.03 40.08 40.05 100.03 10.1 50.1 100.02 60.1 80.01 0.15521084637318772
70.0 74.0 82.0 107.0 85.0 77.0 26.0 100.0 102.0 34.0 75.0 48.0 24.0 43.0 69.0 17.0 17.0 75.0 66.0 103.0 25.0 61.0 97.0 11.0 45.0 201.0 90.07 20.03 40.1 40.04 90.06 100.03 10.02 70.05 90.1 10.02 90.02 100.03 10.1 20.09 70.07 70.08 40.06 40.07 100.03 10.06 50.04 100.1 60.02 80.1 0.023071247221514657
63.0 71.0 88.0 108.0 90.0 72.0 22.0 100.0 104.0 36.0 79.0 50.0 23.0 41.0 63.0 11.0 11.0 80.0 70.0 109.0 22.0 62.0 95.0 15.0 49.0 107.0 180.9 20.03 40.04 40.08 90.1 100.09 10.08 70.06 90.05 10.1 90.05 100.04 10.1 20.03 70.08 70.09 40.1 40.08 100.03 10.09 50.08 100.03 60.06 80.1 0.2092237768809675
69.0 73.0 86.0 104.0 87.0 77.0 22.0 99.0 110.0 32.0 74.0 43.0 21.0 46.0 68.0 13.0 18.0 79.0 62.0 102.0 22.0 69.0 92.0 15.0 50.0 107.0 92.0 40.2 40.1 40.06 90.05 100.02 10.04 70.05 90.03 10.07 90.05 100.05 10.1 20.04 70.06 70.1 40.04 40.05 100.04 10.02 50.03 100.08 60.03 80.08 0.1848589284145642
65.0 80.0 87.0 101.0 81.0 73.0 28.0 94.0 107.0 38.0 73.0 42.0 21.0 44.0 70.0 20.0 14.0 77.0 69.0 105.0 30.0 62.0 93.0 13.0 43.0 105.0 99.0 27.0 80.4 40.08 90.03 100.03 10.07 70.06 90.05 10.07 90.01 100.06 10.1 20.04 70.01 70.07 40.07 40.08 100.01 10.06 50.08 100.02 60.03 80.05 0.7245868704515692
70.0 73.0 84.0 110.0 83.0 71.0 26.0 100.0 106.0 34.0 79.0 49.0 25.0 48.0 68.0 19.0 20.0 71.0 69.0 107.0 28.0 61.0 96.0 14.0 45.0 101.0 95.0 21.0 50.0 80.4 90.08 100.05 10.01 70.03 90.06 10.06 90.04 100.06 10.06 20.04 70.09 70.02 40.01 40.03 100.07 10.01 50.04 100.02 60.09 80.1 0.7077562979416638
63.0 80.0 84.0 101.0 81.0 78.0 27.0 95.0 108.0 36.0 74.0 45.0 22.0 42.0 68.0 20.0 14.0 78.0 66.0 105.0 22.0 64.0 91.0 17.0 50.0 108.0 93.0 21.0 41.0 47.0 180.9 100.1 10.08 70.08 90.09 10.08 90.07 100.08 10.07 20.03 70.03 70.01 40.1 40.07 100.09 10.08 50.06 100.06 60.07 80.04 0.029781977868349685
66.0 74.0 86.0 110.0 85.0 77.0 26.0 97.0 107.0 38.0 79.0 48.0 28.0 50.0 70.0 20.0 18.0 74.0 66.0 104.0 25.0 70.0 98.0 12.0 47.0 106.0 92.0 22.0 42.0 50.0 95.0 201.0 10.04 70.01 90.08 10.03 90.01 100.04 10.04 20.04 70.07 70.01 40.07 40.04 100.07 10.07 50.07 100.01 60.01 80.02 0.07873762950652086
66.0 73.0 86.0 109.0 85.0 72.0 28.0 100.0 107.0 38.0 75.0 49.0 27.0 41.0 64.0 17.0 19.0 80.0 63.0 110.0 29.0 63.0 91.0 18.0 43.0 107.0 94.0 22.0 48.0 46.0 99.0 103.0 20.1 70.06 90.05 10.01 90.01 100.06 10.09 20.07 70.02 70.08 40.06 40.03 100.05 10.07 50.01 100.04 60.08 80.03 0.1022352510032829
67.0 78.0 82.0 108.0 84.0 72.0 25.0 95.0 109.0 40.0 79.0 42.0 26.0 43.0 62.0 18.0 14.0 77.0 66.0 104.0 24.0 66.0 93.0 17.0 44.0 102.0 96.0 27.0 49.0 50.0 95.0 103.0 16.0 140.7 90.07 10.02 90.02 100.05 10.1 20.1 70.09 70.1 40.04 40.03 100.01 10.03 50.03 100.02 60.02 80.03 0.10865517241272427
64.0 74.0 88.0 107.0 87.0 80.0 27.0 92.0 102.0 36.0 74.0 44.0 21.0 44.0 67.0 12.0 14.0 76.0 68.0 106.0 24.0 61.0 97.0 13.0 44.0 107.0 91.0 27.0 43.0 47.0 91.0 106.0 19.0 71.0 180.9 10.01 90.08 100.04 10.05 20.02 70.04 70.05 40.01 40.05 100.07 10.1 50.01 100.09 60.02 80.04 0.6598500099772887
66.0 77.0 87.0 103.0 87.0 72.0 29.0 94.0 102.0 37.0 76.0 41.0 23.0 45.0 63.0 15.0 17.0 75.0 69.0 102.0 28.0 67.0 96.0 13.0 48.0 107.0 91.0 21.0 49.0 47.0 92.0 104.0 15.0 74.0 93.0 20.1 90.08 100.05 10.05 20.03 70.02 70.04 40.1 40.1 100.09 10.06 50.06 100.03 60.08 80.03 0.5921532844030696
65.0 80.0 87.0 110.0 84.0 76.0 25.0 94.0 105.0 36.0 73.0 42.0 25.0 45.0 69.0 14.0 20.0 75.0 64.0 104.0 27.0 65.0 97.0 17.0 49.0 106.0 91.0 25.0 44.0 45.0 94.0 107.0 13.0 76.0 96.0 17.0 180.9 100.09 10.04 20.1 70.06 70.06 40.07 40.03 100.02 10.1 50.09 100.02 60.06 80.08 0.0661048880399896
63.0 77.0 85.0 106.0 89.0 79.0 24.0 98.0 109.0 31.0 71.0 45.0 25.0 48.0 69.0 17.0 20.0 77.0 67.0 104.0 25.0 68.0 96.0 15.0 45.0 106.0 94.0 23.0 43.0 45.0 91.0 109.0 14.0 75.0 97.0 18.0 94.0 201.0 10.09 20.02 70.08 70.1 40.03 40.09 100.02 10.09 50.02 100.01 60.06 80.07 0.7283705577812358
66.0 74.0 84.0 108.0 89.0 71.0 28.0 92.0 101.0 39.0 76.0 46.0 30.0 44.0 63.0 16.0 18.0 79.0 63.0 106.0 28.0 61.0 98.0 19.0 44.0 102.0 93.0 28.0 48.0 47.0 91.0 107.0 12.0 71.0 92.0 13.0 95.0 107.0 20.1 20.08 70.05 70.06 40.06 40.05 100.05 10.07 50.07 100.01 60.08 80.06 0.7515862946629713
63.0 71.0 81.0 108.0 89.0 73.0 25.0 99.0 103.0 33.0 72.0 50.0 25.0 46.0 64.0 18.0 13.0 71.0 63.0 101.0 25.0 65.0 98.0 14.0 47.0 105.0 100.0 21.0 45.0 45.0 92.0 102.0 18.0 72.0 92.0 15.0 93.0 108.0 15.0 40.2 70.07 70.06 40.05 40.08 100.05 10.08 50.09 100.03 60.03 80.07 0.3862620639155345
69.0 79.0 83.0 102.0 90.0 72.0 23.0 91.0 109.0 31.0 76.0 45.0 29.0 44.0 70.0 18.0 17.0 73.0 61.0 107.0 21.0 66.0 99.0 18.0 44.0 104.0 98.0 21.0 50.0 50.0 97.0 108.0 20.0 73.0 95.0 15.0 98.0 103.0 19.0 23.0 140.7 70.01 40.05 40.05 100.1 10.05 50.04 100.1 60.05 80.02 0.224721007574204
62.0 71.0 85.0 110.0 81.0 76.0 21.0 100.0 106.0 34.0 78.0 42.0 27.0 48.0 61.0 12.0 19.0 75.0 63.0 104.0 26.0 70.0 100.0 18.0 48.0 102.0 94.0 22.0 48.0 50.0 96.0 105.0 12.0 72.0 99.0 18.0 97.0 102.0 14.0 21.0 71.0 140.7 40.06 40.05 100.03 10.1 50.02 100.08 60.1 80.03 0.9030460507428408
61.0 73.0 85.0 110.0 83.0 80.0 26.0 94.0 110.0 31.0 75.0 41.0 21.0 42.0 61.0 19.0 18.0 71.0 63.0 103.0 26.0 70.0 99.0 12.0 47.0 105.0 100.0 21.0 48.0 50.0 94.0 110.0 16.0 79.0 97.0 15.0 93.0 109.0 18.0 28.0 79.0 79.0 80.4 40.05 100.01 10.07 50.01 100.09 60.03 80.04 0.8741510928381543
66.0 75.0 82.0 101.0 89.0 73.0 25.0 92.0 107.0 39.0 76.0 49.0 29.0 41.0 66.0 16.0 16.0 73.0 66.0 102.0 28.0 65.0 99.0 12.0 48.0 108.0 100.0 29.0 48.0 41.0 93.0 110.0 18.0 78.0 97.0 18.0 95.0 109.0 19.0 22.0 71.0 77.0 44.0 80.4 100.04 10.09 50.02 100.08 60.09 80.04 0.635932057719449
64.0 75.0 90.0 105.0 86.0 77.0 21.0 99.0 109.0 37.0 72.0 49.0 21.0 47.0 65.0 14.0 14.0 74.0 67.0 107.0 25.0 61.0 93.0 20.0 42.0 102.0 93.0 25.0 44.0 50.0 99.0 103.0 20.0 72.0 99.0 14.0 99.0 108.0 18.0 22.0 79.0 79.0 46.0 46.0 201.0 10.06 50.08 100.01 60.02 80.03 0.3226005718630597
61.0 78.0 89.0 106.0 84.0 74.0 26.0 100.0 103.0 36.0 73.0 42.0 24.0 43.0 62.0 12.0 12.0 77.0 61.0 105.0 22.0 70.0 92.0 19.0 41.0 110.0 98.0 26.0 42.0 47.0 97.0 102.0 13.0 74.0 92.0 12.0 99.0 107.0 15.0 27.0 72.0 73.0 44.0 47.0 101.0 20.1 50.03 100.09 60.1 80.06 0.09554137608669722
61.0 77.0 84.0 102.0 82.0 80.0 22.0 99.0 110.0 32.0 74.0 48.0 28.0 42.0 68.0 15.0 13.0 78.0 66.0 104.0 25.0 68.0 100.0 16.0 48.0 101.0 97.0 25.0 45.0 41.0 94.0 102.0 19.0 79.0 100.0 15.0 98.0 104.0 12.0 25.0 80.0 80.0 50.0 46.0 102.0 14.0 100.5 100.04 60.09 80.03 0.2663804368883309
62.0 80.0 89.0 110.0 83.0 79.0 22.0 97.0 106.0 33.0 79.0 42.0 27.0 44.0 62.0 17.0 20.0 76.0 66.0 107.0 28.0 66.0 99.0 16.0 47.0 102.0 99.0 28.0 49.0 41.0 93.0 107.0 12.0 74.0 99.0 12.0 91.0 110.0 14.0 25.0 73.0 73.0 50.0 46.0 106.0 16.0 58.0 201.0 60.06 80.05 0.6948251976694045
63.0 75.0 88.0 102.0 88.0 80.0 26.0 95.0 110.0 37.0 79.0 43.0 24.0 44.0 62.0 20.0 12.0 80.0 65.0 106.0 25.0 62.0 96.0 16.0 49.0 106.0 96.0 26.0 45.0 44.0 92.0 105.0 14.0 74.0 93.0 17.0 96.0 109.0 12.0 23.0 78.0 71.0 44.0 43.0 106.0 20.0 59.0 106.0 120.6 80.02 0.47258606544084103
68.0 71.0 81.0 108.0 85.0 78.0 23.0 98.0 109.0 35.0 80.0 42.0 22.0 48.0 67.0 12.0 11.0 74.0 61.0 101.0 23.0 61.0 100.0 15.0 43.0 104.0 99.0 24.0 47.0 44.0 93.0 101.0 11.0 75.0 95.0 19.0 92.0 105.0 13.0 27.0 79.0 79.0 46.0 49.0 103.0 18.0 51.0 107.0 70.0 160.8 0.28969597126905433
