75
60.3 70.05 50.05 30.03 90.07 10.06 60.09 90.07 70.08 70.08 50.1 20.03 90.08 10.05 70.07 10.08 20.1 50.04 100.04 40.08 10.09 40.04 80.06 50.04 10.05 100.08 60.05 70.09 50.01 100.05 90.07 80.03 100.02 90.1 80.1 40.1 40.09 90.02 70.01 50.02 60.01 60.06 30.01 40.01 100.01 50.03 80.01 50.08 100.09 20.05 70.07 80.07 20.02 40.04 40.02 90.04 80.03 60.04 40.04 10.03 80.03 20.04 80.08 10.09 80.03 30.07 70.06 60.09 90.02 90.06 100.04 50.01 20.08 50.08 100.04 0.501526855942285
32.0 140.7 50.08 30.05 90.04 10.03 60.09 90.05 70.05 70.07 50.04 20.01 90.07 10.06 70.05 10.07 20.04 50.07 100.04 40.09 10.02 40.03 80.04 50.09 10.09 100.07 60.08 70.03 50.02 100.02 90.09 80.07 100.09 90.1 80.04 40.04 40.06 90.1 70.07 50.03 60.02 60.08 30.04 40.08 100.09 50.08 80.1 50.01 100.01 20.1 70.05 80.01 20.08 40.1 40.01 90.09 80.1 60.09 40.03 10.03 80.07 20.04 80.07 10.04 80.09 30.1 70.04 60.01 90.03 90.04 100.06 50.07 20.08 50.08 100.02 0.012791474802080427
38.0 74.0 100.5 30.06 90.08 10.03 60.02 90.05 70.1 70.06 50.09 20.07 90.07 10.02 70.03 10.01 20.09 50.08 100.04 40.07 10.08 40.04 80.06 50.03 10.02 100.07 60.04 70.06 50.02 100.04 90.09 80.08 100.02 90.07 80.06 40.01 40.04 90.08 70.04 50.09 60.02 60.08 30.08 40.09 100.09 50.09 80.06 50.05 100.07 20.09 70.01 80.01 20.01 40.08 40.09 90.02 80.02 60.01 40.02 10.09 80.04 20.03 80.06 10.05 80.04 30.05 70.09 60.09 90.05 90.09 100.06 50.08 20.09 50.08 100.02 0.16581408665395436
40.0 77.0 53.0 60.3 90.1 10.03 60.01 90.04 70.09 70.03 50.07 20.06 90.06 10.04 70.1 10.1 20.05 50.02 100.06 40.04 10.03 40.04 80.1 50.06 10.01 100.09 60.01 70.08 50.02 100.05 90.01 80.05 100.02 90.06 80.03 40.06 40.07 90.02 70.07 50.09 60.03 60.1 30.01 40.03 100.01 50.07 80.09 50.06 100.09 20.02 70.02 80.04 20.07 40.03 40.01 90.03 80.1 60.01 40.01 10.07 80.1 20.1 80.02 10.05 80.01 30.07 70.08 60.02 90.09 90.07 100.08 50.01 20.09 50.07 100.1 0.20194132996003333
39.0 80.0 52.0 35.0 180.9 10.04 60.09 90.02 70.03 70.06 50.09 20.04 90.01 10.1 70.08 10.06 20.04 50.07 100.06 40.07 10.06 40.01 80.08 50.07 10.08 100.01 60.04 70.07 50.08 100.06 90.07 80.1 100.03 90.03 80.07 40.07 40.07 90.04 70.03 50.02 60.07 60.05 30.07 40.08 100.05 50.06 80.03 50.01 100.01 20.03 70.02 80.08 20.08 40.02 40.09 90.05 80.01 60.09 40.05 10.04 80.09 20.1 80.06 10.07 80.09 30.1 70.03 60.03 90.05 90.08 100.05 50.04 20.01 50.02 100.05 0.6644813830239507
36.0 78.0 59.0 31.0 98.0 20.1 60.1 90.03 70.05 70.02 50.09 20.01 90.07 10.09 70.07 10.03 20.04 50.04 100.09 40.06 10.04 40.06 80.09 50.09 10.09 100.1 60.1 70.06 50.1 100.04 90.05 80.09 100.03 90.02 80.08 40.1 40.02 90.05 70.05 50.05 60.05 60.06 30.05 40.09 100.06 50.1 80.01 50.05 100.09 20.05 70.09 80.08 20.01 40.05 40.01 90.04 80.05 60.09 40.01 10.04 80.02 20.09 80.03 10.05 80.1 30.06 70.09 60.06 90.05 90.05 100.02 50.1 20.05 50.07 100.05 0.5801971458604335
40.0 77.0 60.0 31.0 92.0 13.0 120.6 90.03 70.09 70.06 50.03 20.05 90.04 10.08 70.04 10.07 20.07 50.05 100.04 40.07 10.1 40.06 80.07 50.04 10.09 100.03 60.08 70.01 50.09 100.02 90.09 80.1 100.07 90.05 80.09 40.09 40.05 90.07 70.04 50.04 60.07 60.1 30.09 40.07 100.05 50.07 80.03 50.08 100.1 20.09 70.04 80.04 20.03 40.08 40.02 90.1 80.1 60.1 40.04 10.03 80.07 20.07 80.08 10.1 80.05 30.04 70.03 60.06 90.1 90.03 100.01 50.07 20.08 50.01 100.03 0.712836298905384
31.0 76.0 56.0 35.0 91.0 11.0 61.0 180.9 70.01 70.07 50.1 20.03 90.07 10.06 70.08 10.04 20.01 50.03 100.05 40.05 10.02 40.1 80.08 50.01 10.06 100.02 60.02 70.1 50.03 100.1 90.02 80.09 100.02 90.03 80.03 40.02 40.05 90.01 70.05 50.08 60.06 60.07 30.08 40.1 100.08 50.06 80.09 50.09 100.07 20.06 70.05 80.04 20.07 40.09 40.04 90.07 80.1 60.02 40.02 10.03 80.07 20.05 80.05 10.1 80.03 30.03 70.03 60.04 90.02 90.03 100.05 50.04 20.1 50.05 100.01 0.7361835635525235
34.0 76.0 59.0 39.0 94.0 18.0 70.0 94.0 140.7 70.06 50.08 20.06 90.02 10.05 70.1 10.05 20.06 50.09 100.01 40.08 10.02 40.02 80.03 50.06 10.01 100.04 60.06 70.1 50.08 100.05 90.06 80.1 100.1 90.04 80.05 40.05 40.08 90.07 70.04 50.07 60.08 60.1 30.07 40.09 100.01 50.07 80.01 50.03 100.05 20.08 70.01 80.05 20.09 40.01 40.08 90.07 80.09 60.06 40.02 10.07 80.08 20.09 80.08 10.06 80.03 30.08 70.06 60.01 90.02 90.08 100.01 50.06 20.1 50.08 100.05 0.16391595814653726
39.0 71.0 59.0 31.0 100.0 19.0 67.0 100.0 77.0 140.7 50.03 20.03 90.09 10.04 70.01 10.09 20.1 50.05 100.1 40.1 10.01 40.07 80.05 50.09 10.07 100.07 60.08 70.02 50.04 100.02 90.03 80.03 100.09 90.09 80.06 40.06 40.02 90.01 70.08 50.09 60.07 60.04 30.1 40.04 100.03 50.02 80.02 50.02 100.03 20.01 70.1 80.03 20.04 40.05 40.03 90.03 80.06 60.05 40.04 10.03 80.05 20.05 80.09 10.1 80.02 30.07 70.01 60.03 90.01 90.09 100.04 50.08 20.02 50.08 100.08 0.3388827560270211
32.0 76.0 58.0 38.0 93.0 16.0 68.0 98.0 79.0 78.0 100.5 20.06 90.03 10.03 70.03 10.06 20.03 50.08 100.01 40.08 10.05 40.06 80.03 50.02 10.07 100.08 60.09 70.06 50.02 100.07 90.07 80.08 100.05 90.07 80.08 40.03 40.02 90.07 70.05 50.01 60.03 60.03 30.04 40.04 100.02 50.03 80.09 50.07 100.05 20.07 70.07 80.07 20.02 40.03 40.03 90.03 80.08 60.06 40.08 10.07 80.03 20.1 80.1 10.03 80.02 30.02 70.07 60.05 90.06 90.05 100.08 50.07 20.03 50.04 100.01 0.14773721063189094
35.0 73.0 55.0 32.0 99.0 18.0 69.0 100.0 74.0 72.0 56.0 40.2 90.1 10.07 70.05 10.08 20.09 50.08 100.04 40.07 10.06 40.07 80.07 50.08 10.03 100.05 60.01 70.03 50.03 100.06 90.07 80.05 100.01 90.05 80.05 40.02 40.02 90.03 70.05 50.08 60.03 60.08 30.02 40.09 100.03 50.08 80.05 50.03 100.08 20.08 70.09 80.01 20.09 40.01 40.02 90.09 80.05 60.06 40.03 10.01 80.02 20.01 80.08 10.07 80.08 30.02 70.1 60.1 90.07 90.04 100.05 50.01 20.01 50.08 100.09 0.7668522992780287
34.0 71.0 52.0 37.0 100.0 17.0 65.0 93.0 79.0 71.0 58.0 29.0 180.9 10.01 70.1 10.05 20.06 50.05 100.07 40.06 10.01 40.09 80.04 50.01 10.03 100.08 60.05 70.1 50.08 100.01 90.05 80.09 100.08 90.04 80.07 40.08 40.08 90.04 70.08 50.1 60.07 60.06 30.09 40.08 100.02 50.04 80.01 50.07 100.03 20.04 70.08 80.1 20.04 40.02 40.05 90.04 80.03 60.1 40.07 10.03 80.09 20.06 80.02 10.01 80.08 30.01 70.05 60.02 90.05 90.05 100.07 50.03 20.03 50.01 100.1 0.770087130172477
31.0 74.0 58.0 37.0 99.0 14.0 70.0 92.0 78.0 75.0 54.0 22.0 92.0 20.1 70.09 10.01 20.03 50.01 100.05 40.09 10.06 40.02 80.05 50.09 10.03 100.04 60.03 70.07 50.06 100.03 90.1 80.05 100.05 90.02 80.05 40.1 40.1 90.01 70.03 50.03 60.08 60.09 30.05 40.07 100.08 50.07 80.03 50.06 100.06 20.03 70.03 80.06 20.03 40.05 40.07 90.01 80.09 60.07 40.01 10.01 80.01 20.09 80.01 10.07 80.09 30.04 70.08 60.01 90.03 90.1 100.04 50.05 20.07 50.09 100.07 0.5291505351238944
35.0 77.0 53.0 33.0 100.0 19.0 69.0 100.0 72.0 76.0 53.0 30.0 100.0 19.0 140.7 10.07 20.07 50.09 100.04 40.07 10.04 40.08 80.05 50.1 10.07 100.05 60.07 70.08 50.08 100.05 90.08 80.04 100.07 90.04 80.09 40.09 40.06 90.03 70.04 50.02 60.06 60.01 30.05 40.03 100.04 50.07 80.03 50.07 100.09 20.04 70.05 80.1 20.01 40.07 40.08 90.06 80.08 60.09 40.02 10.07 80.03 20.01 80.04 10.1 80.03 30.06 70.05 60.05 90.08 90.09 100.01 50.04 20.05 50.01 100.07 0.8925800300654725
33.0 75.0 55.0 38.0 99.0 18.0 67.0 99.0 75.0 75.0 57.0 22.0 91.0 18.0 76.0 20.1 20.01 50.07 100.07 40.02 10.02 40.08 80.09 50.04 10.05 100.08 60.04 70.03 50.02 100.07 90.1 80.1 100.03 90.03 80.1 40.1 40.07 90.1 70.09 50.08 60.08 60.1 30.07 40.07 100.09 50.04 80.1 50.05 100.08 20.02 70.08 80.07 20.1 40.09 40.1 90.05 80.06 60.09 40.04 10.04 80.09 20.01 80.01 10.07 80.1 30.1 70.1 60.03 90.05 90.03 100.1 50.03 20.04 50.04 100.01 0.5072430576239451
31.0 78.0 51.0 35.0 96.0 18.0 66.0 100.0 76.0 80.0 53.0 30.0 96.0 12.0 73.0 12.0 40.2 50.05 100.08 40.1 10.1 40.02 80.07 50.03 10.06 100.09 60.06 70.03 50.01 100.1 90.01 80.03 100.1 90.01 80.02 40.1 40.01 90.02 70.06 50.09 60.07 60.1 30.06 40.01 100.08 50.07 80.08 50.03 100.07 20.06 70.07 80.07 20.01 40.02 40.02 90.07 80.01 60.09 40.03 10.06 80.08 20.09 80.01 10.06 80.03 30.02 70.02 60.09 90.02 90.09 100.01 50.09 20.04 50.08 100.1 0.9535642518221585
37.0 79.0 59.0 33.0 97.0 16.0 61.0 97.0 76.0 72.0 51.0 29.0 96.0 19.0 78.0 18.0 28.0 100.5 100.05 40.05 10.01 40.08 80.07 50.03 10.01 100.08 60.03 70.06 50.04 100.06 90.04 80.04 100.09 90.1 80.07 40.05 40.04 90.06 70.07 50.01 60.09 60.07 30.07 40.07 100.08 50.04 80.03 50.05 100.04 20.08 70.03 80.03 20.02 40.03 40.06 90.01 80.05 60.06 40.09 10.07 80.01 20.02 80.1 10.06 80.08 30.07 70.1 60.02 90.05 90.01 100.1 50.09 20.07 50.06 100.02 0.3544792720994685
31.0 76.0 58.0 40.0 94.0 15.0 66.0 92.0 80.0 71.0 51.0 22.0 99.0 15.0 76.0 13.0 26.0 53.0 201.0 40.1 10.02 40.03 80.05 50.05 10.06 100.1 60.07 70.07 50.06 100.07 90.08 80.06 100.03 90.04 80.01 40.07 40.01 90.05 70.02 50.09 60.01 60.09 30.05 40.1 100.02 50.06 80.02 50.06 100.04 20.03 70.04 80.1 20.08 40.02 40.02 90.08 80.02 60.09 40.01 10.02 80.01 20.03 80.07 10.04 80.04 30.07 70.07 60.04 90.1 90.03 100.04 50.01 20.03 50.02 100.05 0.7919113261723629
34.0 72.0 51.0 32.0 93.0 13.0 68.0 100.0 77.0 75.0 56.0 24.0 97.0 12.0 76.0 11.0 24.0 55.0 106.0 80.4 10.04 40.03 80.07 50.08 10.09 100.03 60.1 70.05 50.09 100.02 90.03 80.07 100.05 90.01 80.04 40.1 40.04 90.07 70.1 50.06 60.09 60.1 30.05 40.06 100.04 50.03 80.06 50.08 100.01 20.09 70.06 80.07 20.01 40.04 40.08 90.07 80.08 60.05 40.06 10.09 80.04 20.01 80.01 10.02 80.09 30.09 70.04 60.03 90.05 90.01 100.04 50.08 20.07 50.09 100.08 0.4482224713666795
36.0 73.0 54.0 38.0 97.0 15.0 69.0 93.0 80.0 77.0 55.0 21.0 95.0 11.0 78.0 17.0 30.0 57.0 110.0 49.0 20.1 40.02 80.06 50.08 10.06 100.07 60.02 70.07 50.05 100.05 90.08 80.1 100.08 90.06 80.01 40.06 40.06 90.01 70.01 50.04 60.04 60.09 30.1 40.08 100.06 50.06 80.01 50.02 100.05 20.04 70.06 80.04 20.05 40.04 40.03 90.05 80.06 60.08 40.01 10.01 80.04 20.07 80.05 10.02 80.1 30.09 70.06 60.04 90.07 90.05 100.05 50.04 20.08 50.05 100.01 0.22351745647904786
35.0 76.0 56.0 40.0 96.0 13.0 69.0 91.0 76.0 75.0 53.0 24.0 100.0 15.0 80.0 16.0 27.0 51.0 110.0 46.0 11.0 80.4 80.04 50.03 10.1 100.08 60.07 70.09 50.05 100.08 90.07 80.02 100.08 90.06 80.05 40.05 40.06 90.09 70.09 50.1 60.01 60.09 30.04 40.09 100.07 50.01 80.03 50.02 100.07 20.08 70.09 80.09 20.08 40.08 40.09 90.1 80.04 60.06 40.02 10.04 80.08 20.07 80.02 10.1 80.07 30.09 70.05 60.08 90.02 90.09 100.08 50.1 20.04 50.03 100.05 0.7471438820541615
32.0 73.0 51.0 40.0 97.0 19.0 68.0 95.0 77.0 74.0 55.0 30.0 95.0 11.0 79.0 13.0 28.0 51.0 103.0 47.0 12.0 49.0 160.8 50.06 10.07 100.07 60.01 70.02 50.08 100.03 90.04 80.04 100.03 90.03 80.06 40.08 40.05 90.03 70.04 50.1 60.09 60.01 30.01 40.04 100.02 50.07 80.08 50.06 100.05 20.1 70.08 80.07 20.08 40.05 40.1 90.05 80.1 60.01 40.01 10.05 80.1 20.04 80.01 10.07 80.06 30.09 70.01 60.05 90.07 90.09 100.06 50.08 20.1 50.06 100.03 0.8293156232361107
31.0 75.0 53.0 32.0 92.0 17.0 65.0 97.0 77.0 75.0 59.0 25.0 98.0 11.0 74.0 17.0 24.0 53.0 104.0 48.0 13.0 41.0 86.0 100.5 10.03 100.04 60.1 70.06 50.07 100.04 90.07 80.01 100.09 90.06 80.07 40.03 40.09 90.09 70.02 50.1 60.03 60.02 30.06 40.09 100.05 50.06 80.01 50.04 100.08 20.02 70.04 80.01 20.02 40.06 40.06 90.07 80.01 60.07 40.08 10.04 80.07 20.04 80.1 10.02 80.08 30.04 70.03 60.03 90.1 90.1 100.07 50.07 20.02 50.05 100.06 0.2636353842763086
33.0 74.0 58.0 33.0 95.0 19.0 69.0 92.0 74.0 74.0 52.0 21.0 99.0 11.0 74.0 20.0 21.0 54.0 108.0 45.0 18.0 44.0 81.0 52.0 20.1 100.07 60.07 70.02 50.02 100.04 90.05 80.09 100.1 90.01 80.07 40.06 40.08 90.06 70.04 50.07 60.09 60.06 30.07 40.06 100.01 50.04 80.05 50.04 100.1 20.08 70.08 80.08 20.07 40.02 40.01 90.01 80.02 60.08 40.03 10.1 80.07 20.09 80.09 10.04 80.1 30.1 70.07 60.1 90.1 90.05 100.02 50.09 20.04 50.01 100.01 0.8121498722718475
36.0 76.0 55.0 32.0 99.0 16.0 63.0 96.0 78.0 79.0 54.0 28.0 100.0 20.0 73.0 15.0 22.0 52.0 106.0 46.0 15.0 41.0 88.0 59.0 17.0 201.0 60.05 70.06 50.03 100.08 90.02 80.04 100.05 90.07 80.08 40.1 40.03 90.03 70.04 50.04 60.01 60.04 30.01 40.01 100.08 50.01 80.05 50.06 100.08 20.03 70.1 80.05 20.07 40.1 40.04 90.08 80.01 60.1 40.01 10.01 80.01 20.07 80.04 10.01 80.04 30.05 70.05 60.07 90.04 90.1 100.1 50.05 20.02 50.03 100.04 0.899693828559162
36.0 72.0 54.0 37.0 99.0 19.0 63.0 98.0 79.0 71.0 59.0 25.0 92.0 12.0 72.0 12.0 25.0 54.0 106.0 47.0 13.0 42.0 89.0 56.0 11.0 110.0 120.6 70.05 50.1 100.03 90.09 80.03 100.01 90.03 80.08 40.04 40.03 90.09 70.06 50.1 60.1 60.09 30.01 40.01 100.06 50.08 80.09 50.09 100.08 20.08 70.01 80.09 20.02 40.06 40.07 90.1 80.1 60.04 40.06 10.07 80.02 20.1 80.01 10.02 80.08 30.04 70.04 60.04 90.05 90.06 100.05 50.02 20.02 50.05 100.01 0.5408414614568106
34.0 79.0 56.0 37.0 97.0 17.0 62.0 91.0 78.0 77.0 59.0 26.0 95.0 15.0 74.0 20.0 30.0 60.0 101.0 45.0 19.0 43.0 87.0 55.0 19.0 109.0 63.0 140.7 50.02 100.04 90.02 80.02 100.03 90.01 80.02 40.07 40.05 90.03 70.1 50.1 60.07 60.08 30.05 40.03 100.05 50.05 80.06 50.05 100.05 20.08 70.03 80.08 20.1 40.07 40.05 90.08 80.05 60.03 40.08 10.06 80.02 20.05 80.02 10.03 80.1 30.06 70.04 60.02 90.1 90.04 100.03 50.1 20.04 50.06 100.01 0.9647216235784292
38.0 74.0 51.0 32.0 96.0 20.0 67.0 99.0 79.0 72.0 55.0 30.0 95.0 16.0 77.0 12.0 26.0 51.0 107.0 44.0 17.0 49.0 84.0 59.0 20.0 105.0 62.0 73.0 100.5 100.08 90.06 80.05 100.1 90.09 80.08 40.09 40.1 90.1 70.09 50.01 60.1 60.06 30.09 40.04 100.08 50.07 80.06 50.09 100.05 20.03 70.03 80.09 20.01 40.08 40.09 90.01 80.08 60.09 40.05 10.04 80.05 20.07 80.07 10.09 80.09 30.02 70.05 60.1 90.08 90.03 100.09 50.03 20.08 50.03 100.07 0.6263001890978703
40.0 78.0 52.0 32.0 91.0 11.0 65.0 98.0 79.0 71.0 59.0 28.0 94.0 19.0 79.0 16.0 22.0 55.0 105.0 43.0 15.0 43.0 90.0 56.0 20.0 104.0 65.0 71.0 59.0 201.0 90.04 80.09 100.01 90.07 80.01 40.1 40.1 90.04 70.1 50.02 60.02 60.05 30.02 40.07 100.04 50.02 80.06 50.09 100.03 20.05 70.03 80.09 20.04 40.09 40.01 90.02 80.1 60.03 40.03 10.04 80.04 20.04 80.05 10.04 80.02 30.07 70.03 60.04 90.06 90.09 100.03 50.02 20.03 50.03 100.08 0.2019113956423122
31.0 77.0 59.0 34.0 99.0 13.0 69.0 97.0 78.0 75.0 54.0 23.0 93.0 18.0 76.0 13.0 22.0 58.0 102.0 50.0 17.0 41.0 85.0 53.0 16.0 109.0 64.0 75.0 56.0 107.0 180.9 80.06 100.01 90.01 80.05 40.07 40.05 90.05 70.03 50.06 60.01 60.04 30.04 40.04 100.07 50.03 80.04 50.06 100.02 20.07 70.08 80.07 20.09 40.01 40.05 90.09 80.1 60.05 40.06 10.01 80.01 20.06 80.03 10.09 80.03 30.04 70.09 60.03 90.08 90.05 100.09 50.04 20.1 50.01 100.08 0.40474874799534866
32.0 78.0 52.0 37.0 99.0 17.0 70.0 98.0 80.0 75.0 58.0 21.0 98.0 17.0 77.0 11.0 22.0 60.0 101.0 46.0 12.0 43.0 84.0 51.0 19.0 103.0 70.0 72.0 51.0 107.0 99.0 160.8 100.05 90.08 80.1 40.09 40.09 90.04 70.08 50.06 60.03 60.1 30.05 40.04 100.02 50.03 80.08 50.05 100.08 20.07 70.06 80.1 20.02 40.09 40.08 90.05 80.09 60.04 40.08 10.09 80.04 20.01 80.02 10.02 80.08 30.05 70.08 60.07 90.05 90.01 100.07 50.05 20.08 50.01 100.07 0.2897591359905466
31.0 80.0 53.0 37.0 91.0 14.0 65.0 92.0 71.0 74.0 57.0 23.0 100.0 17.0 77.0 18.0 26.0 58.0 109.0 44.0 17.0 43.0 87.0 60.0 18.0 103.0 66.0 80.0 54.0 107.0 99.0 86.0 201.0 90.05 80.06 40.02 40.02 90.08 70.03 50.08 60.09 60.1 30.01 40.07 100.04 50.01 80.02 50.06 100.08 20.06 70.04 80.1 20.05 40.02 40.09 90.1 80.03 60.07 40.04 10.03 80.06 20.07 80.01 10.03 80.02 30.04 70.06 60.06 90.03 90.06 100.05 50.1 20.01 50.1 100.05 0.6323821634064546
34.0 71.0 56.0 35.0 100.0 15.0 62.0 95.0 80.0 71.0 53.0 30.0 99.0 12.0 73.0 11.0 27.0 57.0 106.0 46.0 20.0 43.0 82.0 60.0 18.0 108.0 63.0 79.0 56.0 108.0 91.0 89.0 105.0 180.9 80.01 40.04 40.02 90.03 70.1 50.06 60.04 60.1 30.04 40.05 100.09 50.06 80.09 50.01 100.09 20.05 70.03 80.02 20.01 40.09 40.04 90.1 80.06 60.1 40.07 10.07 80.04 20.08 80.01 10.09 80.05 30.1 70.01 60.09 90.04 90.01 100.07 50.07 20.1 50.06 100.03 0.3398443752572221
36.0 76.0 59.0 38.0 96.0 17.0 65.0 99.0 71.0 76.0 56.0 25.0 92.0 17.0 79.0 15.0 28.0 60.0 110.0 49.0 15.0 47.0 88.0 52.0 15.0 102.0 65.0 77.0 53.0 104.0 98.0 87.0 105.0 92.0 160.8 40.03 40.06 90.08 70.02 50.1 60.09 60.01 30.03 40.04 100.02 50.03 80.01 50.07 100.09 20.04 70.01 80.04 20.04 40.01 40.04 90.02 80.04 60.09 40.02 10.05 80.04 20.06 80.01 10.07 80.06 30.01 70.02 60.08 90.01 90.1 100.09 50.03 20.04 50.06 100.1 0.7088368114604808
35.0 77.0 57.0 38.0 92.0 13.0 62.0 99.0 80.0 74.0 57.0 29.0 95.0 19.0 75.0 17.0 25.0 57.0 105.0 46.0 20.0 50.0 84.0 56.0 15.0 102.0 69.0 77.0 52.0 108.0 96.0 90.0 108.0 100.0 87.0 80.4 40.1 90.08 70.07 50.06 60.07 60.06 30.08 40.1 100.04 50.09 80.09 50.08 100.02 20.07 70.09 80.06 20.09 40.01 40.09 90.1 80.02 60.04 40.04 10.02 80.01 20.07 80.02 10.04 80.01 30.08 70.05 60.08 90.07 90.01 100.04 50.05 20.07 50.07 100.05 0.7646550827748839
34.0 71.0 57.0 38.0 93.0 13.0 62.0 94.0 76.0 77.0 59.0 26.0 97.0 20.0 72.0 14.0 30.0 60.0 107.0 42.0 11.0 45.0 86.0 53.0 16.0 107.0 64.0 75.0 56.0 105.0 100.0 85.0 107.0 92.0 85.0 41.0 80.4 90.09 70.05 50.02 60.06 60.03 30.1 40.08 100.09 50.03 80.07 50.06 100.03 20.06 70.08 80.03 20.04 40.1 40.1 90.02 80.05 60.08 40.1 10.06 80.05 20.06 80.03 10.07 80.02 30.08 70.01 60.09 90.01 90.01 100.08 50.06 20.04 50.1 100.04 0.5144530402709317
33.0 71.0 51.0 31.0 94.0 14.0 65.0 93.0 72.0 76.0 54.0 27.0 95.0 11.0 74.0 20.0 30.0 51.0 103.0 45.0 20.0 50.0 85.0 57.0 13.0 107.0 67.0 71.0 52.0 110.0 98.0 90.0 102.0 99.0 82.0 45.0 48.0 180.9 70.01 50.07 60.06 60.1 30.07 40.06 100.1 50.02 80.06 50.1 100.06 20.04 70.03 80.09 20.09 40.06 40.02 90.01 80.04 60.04 40.1 10.03 80.03 20.06 80.01 10.06 80.01 30.04 70.02 60.1 90.03 90.07 100.05 50.02 20.01 50.06 100.08 0.3833207121389205
37.0 73.0 51.0 32.0 97.0 11.0 66.0 94.0 75.0 72.0 58.0 30.0 94.0 13.0 74.0 18.0 21.0 60.0 104.0 41.0 15.0 48.0 90.0 52.0 14.0 101.0 63.0 71.0 59.0 102.0 96.0 89.0 108.0 97.0 86.0 48.0 46.0 93.0 140.7 50.03 60.04 60.08 30.02 40.06 100.04 50.01 80.08 50.07 100.01 20.02 70.08 80.04 20.06 40.06 40.1 90.01 80.05 60.08 40.02 10.01 80.02 20.07 80.08 10.1 80.02 30.05 70.07 60.1 90.09 90.09 100.01 50.1 20.1 50.06 100.08 0.6351940346181754
34.0 74.0 57.0 36.0 91.0 15.0 61.0 93.0 75.0 71.0 59.0 22.0 98.0 13.0 76.0 18.0 29.0 60.0 106.0 42.0 17.0 42.0 82.0 55.0 15.0 102.0 63.0 74.0 56.0 103.0 95.0 83.0 104.0 93.0 85.0 43.0 41.0 91.0 74.0 100.5 60.07 60.01 30.05 40.08 100.08 50.05 80.08 50.03 100.02 20.09 70.04 80.02 20.05 40.07 40.09 90.06 80.08 60.01 40.08 10.1 80.06 20.07 80.07 10.01 80.05 30.04 70.06 60.07 90.03 90.05 100.02 50.04 20.08 50.06 100.04 0.2508983099206733
39.0 74.0 53.0 31.0 96.0 18.0 67.0 97.0 76.0 79.0 59.0 25.0 97.0 13.0 75.0 19.0 24.0 55.0 106.0 41.0 18.0 47.0 82.0 55.0 18.0 105.0 62.0 77.0 59.0 108.0 97.0 89.0 101.0 97.0 82.0 43.0 50.0 100.0 80.0 55.0 120.6 60.04 30.01 40.05 100.08 50.06 80.06 50.08 100.07 20.09 70.05 80.05 20.05 40.01 40.08 90.02 80.02 60.02 40.03 10.06 80.05 20.06 80.05 10.01 80.03 30.08 70.03 60.06 90.02 90.02 100.1 50.1 20.08 50.05 100.07 0.11661918054841558
36.0 73.0 53.0 39.0 99.0 16.0 68.0 100.0 80.0 79.0 59.0 25.0 95.0 19.0 75.0 17.0 30.0 57.0 101.0 47.0 15.0 48.0 88.0 54.0 13.0 106.0 64.0 71.0 52.0 108.0 95.0 83.0 102.0 98.0 87.0 48.0 44.0 91.0 77.0 56.0 67.0 120.6 30.1 40.07 100.02 50.03 80.04 50.06 100.09 20.02 70.06 80.08 20.1 40.07 40.09 90.04 80.09 60.03 40.03 10.08 80.02 20.06 80.09 10.07 80.01 30.09 70.05 60.04 90.07 90.01 100.03 50.1 20.06 50.02 100.03 0.5587638753244932
39.0 72.0 54.0 38.0 97.0 20.0 67.0 91.0 78.0 75.0 51.0 24.0 98.0 14.0 72.0 12.0 22.0 51.0 103.0 45.0 18.0 49.0 89.0 54.0 19.0 102.0 70.0 78.0 59.0 106.0 92.0 85.0 106.0 97.0 87.0 45.0 44.0 99.0 77.0 55.0 62.0 67.0 60.3 40.08 100.05 50.02 80.03 50.02 100.01 20.01 70.06 80.07 20.04 40.05 40.08 90.07 80.06 60.06 40.04 10.01 80.08 20.02 80.09 10.08 80.09 30.02 70.1 60.08 90.1 90.07 100.04 50.1 20.09 50.04 100.09 0.1693661236639621
39.0 72.0 58.0 35.0 99.0 11.0 64.0 95.0 77.0 79.0 55.0 29.0 91.0 16.0 79.0 16.0 28.0 58.0 110.0 42.0 16.0 47.0 86.0 59.0 12.0 110.0 62.0 73.0 54.0 108.0 96.0 82.0 105.0 96.0 85.0 50.0 50.0 95.0 77.0 51.0 68.0 61.0 32.0 80.4 100.05 50.08 80.08 50.08 100.02 20.1 70.01 80.02 20.09 40.1 40.03 90.07 80.03 60.03 40.1 10.02 80.04 20.01 80.05 10.03 80.07 30.05 70.07 60.06 90.09 90.06 100.1 50.04 20.1 50.02 100.09 0.9066957102930869
35.0 77.0 54.0 36.0 91.0 13.0 68.0 97.0 77.0 71.0 54.0 30.0 93.0 11.0 74.0 15.0 30.0 54.0 107.0 41.0 14.0 49.0 85.0 55.0 12.0 109.0 63.0 79.0 54.0 103.0 100.0 89.0 108.0 99.0 85.0 44.0 49.0 94.0 76.0 57.0 65.0 61.0 31.0 50.0 201.0 50.07 80.01 50.09 100.09 20.06 70.04 80.02 20.09 40.06 40.03 90.08 80.03 60.09 40.03 10.06 80.02 20.02 80.03 10.05 80.02 30.04 70.09 60.02 90.06 90.1 100.08 50.01 20.03 50.02 100.06 0.5166610528312517
32.0 79.0 60.0 36.0 93.0 13.0 61.0 98.0 72.0 73.0 59.0 25.0 95.0 14.0 74.0 19.0 21.0 54.0 110.0 47.0 14.0 49.0 89.0 53.0 18.0 101.0 62.0 79.0 56.0 102.0 91.0 82.0 103.0 93.0 83.0 42.0 50.0 93.0 72.0 59.0 67.0 63.0 34.0 44.0 108.0 100.5 80.05 50.1 100.03 20.05 70.07 80.06 20.05 40.09 40.09 90.09 80.06 60.1 40.08 10.1 80.08 20.09 80.1 10.08 80.1 30.06 70.02 60.02 90.06 90.04 100.07 50.01 20.03 50.02 100.07 0.8777688268808421
32.0 77.0 58.0 39.0 97.0 17.0 62.0 95.0 72.0 71.0 51.0 30.0 94.0 20.0 71.0 14.0 26.0 57.0 106.0 41.0 17.0 47.0 81.0 51.0 19.0 105.0 66.0 77.0 60.0 101.0 97.0 84.0 105.0 95.0 84.0 49.0 41.0 99.0 74.0 53.0 69.0 68.0 31.0 48.0 110.0 58.0 160.8 50.07 100.02 20.07 70.02 80.08 20.02 40.03 40.04 90.05 80.01 60.05 40.1 10.04 80.09 20.01 80.04 10.07 80.09 30.03 70.06 60.07 90.07 90.09 100.01 50.06 20.06 50.03 100.06 0.19036342969007924
34.0 79.0 60.0 34.0 92.0 18.0 66.0 96.0 76.0 79.0 53.0 25.0 95.0 19.0 75.0 20.0 26.0 56.0 110.0 46.0 11.0 43.0 85.0 60.0 12.0 101.0 65.0 72.0 54.0 106.0 92.0 88.0 110.0 95.0 82.0 47.0 42.0 97.0 74.0 53.0 68.0 67.0 35.0 47.0 103.0 57.0 89.0 100.5 100.07 20.07 70.05 80.08 20.09 40.03 40.06 90.07 80.03 60.06 40.03 10.05 80.03 20.02 80.08 10.01 80.04 30.04 70.06 60.1 90.03 90.07 100.08 50.09 20.09 50.08 100.01 0.2439815048221513
31.0 71.0 52.0 39.0 92.0 19.0 70.0 99.0 80.0 74.0 53.0 26.0 97.0 14.0 79.0 14.0 24.0 52.0 104.0 45.0 18.0 42.0 84.0 51.0 13.0 102.0 62.0 74.0 60.0 101.0 100.0 83.0 102.0 99.0 87.0 42.0 50.0 93.0 78.0 55.0 64.0 63.0 40.0 44.0 107.0 52.0 85.0 56.0 201.0 20.01 70.05 80.03 20.09 40.08 40.04 90.08 80.09 60.04 40.04 10.06 80.07 20.1 80.1 10.06 80.04 30.02 70.09 60.07 90.09 90.03 100.07 50.05 20.07 50.02 100.02 0.5501946633797236
35.0 75.0 59.0 31.0 91.0 16.0 61.0 100.0 77.0 76.0 54.0 29.0 98.0 14.0 80.0 17.0 27.0 54.0 101.0 42.0 19.0 49.0 90.0 59.0 12.0 110.0 65.0 75.0 60.0 105.0 100.0 83.0 103.0 97.0 82.0 41.0 41.0 97.0 75.0 53.0 68.0 64.0 34.0 47.0 106.0 52.0 89.0 57.0 110.0 40.2 70.1 80.06 20.06 40.09 40.04 90.08 80.08 60.09 40.06 10.01 80.03 20.02 80.02 10.1 80.04 30.02 70.09 60.01 90.07 90.1 100.08 50.09 20.03 50.06 100.09 0.12971507196877063
38.0 76.0 52.0 39.0 97.0 17.0 70.0 95.0 74.0 80.0 58.0 26.0 99.0 13.0 79.0 18.0 24.0 57.0 110.0 50.0 16.0 41.0 85.0 55.0 18.0 109.0 63.0 73.0 55.0 107.0 94.0 89.0 101.0 92.0 83.0 44.0 44.0 92.0 79.0 51.0 68.0 62.0 36.0 41.0 103.0 52.0 89.0 58.0 106.0 28.0 140.7 80.1 20.08 40.03 40.07 90.07 80.08 60.1 40.03 10.02 80.06 20.1 80.09 10.04 80.04 30.09 70.01 60.1 90.08 90.1 100.02 50.02 20.04 50.02 100.06 0.24562442621413194
31.0 78.0 54.0 37.0 92.0 17.0 64.0 97.0 78.0 75.0 52.0 28.0 96.0 17.0 80.0 20.0 25.0 53.0 105.0 45.0 13.0 47.0 84.0 51.0 17.0 106.0 69.0 79.0 53.0 103.0 92.0 85.0 101.0 99.0 88.0 50.0 46.0 97.0 78.0 55.0 65.0 61.0 37.0 47.0 107.0 57.0 86.0 51.0 109.0 22.0 75.0 160.8 20.05 40.02 40.01 90.02 80.05 60.02 40.06 10.03 80.01 20.07 80.04 10.08 80.07 30.04 70.09 60.01 90.04 90.08 100.09 50.05 20.08 50.08 100.04 0.3296414999150098
34.0 80.0 53.0 39.0 93.0 14.0 70.0 100.0 71.0 72.0 51.0 25.0 95.0 20.0 72.0 19.0 24.0 57.0 107.0 41.0 16.0 43.0 90.0 60.0 19.0 102.0 65.0 75.0 51.0 109.0 98.0 87.0 101.0 95.0 86.0 47.0 45.0 94.0 71.0 56.0 68.0 64.0 35.0 50.0 106.0 54.0 83.0 59.0 109.0 28.0 76.0 82.0 40.2 40.01 40.06 90.05 80.03 60.02 40.06 10.04 80.01 20.1 80.02 10.01 80.07 30.05 70.1 60.04 90.08 90.02 100.07 50.01 20.02 50.03 100.1 0.7758176400851481
39.0 80.0 56.0 38.0 94.0 15.0 67.0 94.0 80.0 73.0 52.0 22.0 94.0 19.0 80.0 20.0 22.0 58.0 101.0 45.0 11.0 45.0 86.0 56.0 16.0 110.0 66.0 79.0 51.0 101.0 97.0 88.0 103.0 93.0 84.0 48.0 41.0 99.0 79.0 56.0 63.0 63.0 40.0 48.0 110.0 55.0 88.0 59.0 106.0 30.0 75.0 81.0 24.0 80.4 40.04 90.04 80.06 60.09 40.09 10.03 80.02 20.06 80.09 10.06 80.03 30.09 70.1 60.08 90.01 90.1 100.04 50.07 20.1 50.1 100.09 0.49205255212844123
34.0 77.0 52.0 33.0 94.0 15.0 67.0 97.0 77.0 76.0 59.0 25.0 92.0 11.0 77.0 19.0 29.0 57.0 110.0 47.0 20.0 42.0 90.0 60.0 13.0 104.0 64.0 80.0 54.0 103.0 95.0 83.0 101.0 93.0 85.0 43.0 41.0 98.0 75.0 52.0 62.0 62.0 39.0 43.0 110.0 55.0 86.0 57.0 109.0 28.0 78.0 88.0 28.0 49.0 80.4 90.02 80.02 60.06 40.03 10.08 80.07 20.09 80.07 10.04 80.07 30.09 70.01 60.04 90.06 90.04 100.06 50.03 20.1 50.05 100.03 0.43653512904838976
38.0 75.0 51.0 39.0 100.0 11.0 63.0 95.0 74.0 74.0 57.0 21.0 96.0 15.0 77.0 11.0 24.0 56.0 103.0 50.0 20.0 44.0 83.0 57.0 16.0 105.0 67.0 75.0 51.0 108.0 91.0 83.0 103.0 97.0 84.0 45.0 47.0 97.0 76.0 55.0 62.0 61.0 34.0 43.0 105.0 51.0 84.0 57.0 106.0 21.0 80.0 90.0 21.0 49.0 46.0 180.9 80.02 60.03 40.08 10.05 80.08 20.04 80.1 10.05 80.08 30.09 70.09 60.06 90.03 90.08 100.02 50.06 20.09 50.04 100.08 0.45156367047873636
37.0 71.0 53.0 33.0 98.0 17.0 67.0 98.0 79.0 76.0 51.0 25.0 94.0 14.0 79.0 14.0 26.0 59.0 107.0 43.0 17.0 46.0 86.0 51.0 12.0 103.0 68.0 80.0 58.0 102.0 98.0 89.0 104.0 98.0 85.0 43.0 42.0 98.0 80.0 58.0 61.0 61.0 39.0 46.0 104.0 59.0 81.0 52.0 102.0 21.0 78.0 89.0 27.0 46.0 44.0 93.0 160.8 60.06 40.09 10.1 80.01 20.01 80.06 10.05 80.06 30.04 70.07 60.07 90.08 90.07 100.03 50.01 20.1 50.06 100.1 0.682287272976875
34.0 80.0 55.0 36.0 98.0 16.0 64.0 93.0 74.0 75.0 53.0 23.0 91.0 16.0 77.0 14.0 27.0 55.0 101.0 48.0 14.0 47.0 89.0 56.0 16.0 107.0 65.0 78.0 57.0 105.0 99.0 89.0 108.0 95.0 89.0 48.0 50.0 98.0 77.0 53.0 68.0 61.0 31.0 42.0 108.0 54.0 86.0 53.0 102.0 28.0 71.0 89.0 23.0 49.0 41.0 96.0 81.0 120.6 40.01 10.01 80.04 20.02 80.06 10.01 80.05 30.05 70.08 60.07 90.03 90.07 100.01 50.1 20.04 50.08 100.06 0.22704525114581997
33.0 78.0 55.0 40.0 99.0 13.0 69.0 93.0 80.0 80.0 51.0 23.0 96.0 15.0 79.0 20.0 28.0 60.0 105.0 48.0 15.0 45.0 90.0 51.0 17.0 106.0 70.0 71.0 51.0 103.0 98.0 82.0 101.0 96.0 84.0 42.0 41.0 94.0 76.0 57.0 64.0 62.0 36.0 49.0 102.0 60.0 83.0 52.0 106.0 21.0 78.0 88.0 26.0 49.0 45.0 93.0 83.0 68.0 80.4 10.09 80.05 20.03 80.1 10.06 80.08 30.08 70.09 60.02 90.03 90.09 100.07 50.04 20.07 50.07 100.01 0.7482063236559133
38.0 76.0 56.0 34.0 99.0 14.0 67.0 95.0 74.0 72.0 59.0 24.0 93.0 18.0 76.0 20.0 30.0 59.0 101.0 41.0 11.0 44.0 90.0 56.0 11.0 104.0 64.0 76.0 59.0 103.0 95.0 89.0 102.0 94.0 85.0 44.0 43.0 96.0 71.0 56.0 62.0 69.0 36.0 50.0 105.0 56.0 81.0 55.0 105.0 21.0 71.0 83.0 26.0 45.0 49.0 95.0 83.0 69.0 48.0 20.1 80.05 20.02 80.04 10.03 80.01 30.08 70.05 60.08 90.08 90.1 100.02 50.02 20.1 50.01 100.09 0.4543587811407741
40.0 76.0 51.0 32.0 100.0 13.0 64.0 91.0 78.0 80.0 51.0 30.0 98.0 13.0 80.0 11.0 21.0 53.0 105.0 48.0 14.0 47.0 81.0 56.0 16.0 107.0 63.0 79.0 60.0 107.0 92.0 81.0 107.0 100.0 86.0 41.0 49.0 94.0 78.0 59.0 61.0 65.0 34.0 43.0 102.0 56.0 85.0 60.0 107.0 30.0 77.0 86.0 29.0 41.0 43.0 100.0 85.0 63.0 46.0 11.0 160.8 20.07 80.03 10.06 80.06 30.01 70.05 60.09 90.03 90.03 100.09 50.1 20.02 50.1 100.08 0.16786605385817344
34.0 75.0 58.0 31.0 100.0 15.0 65.0 91.0 79.0 78.0 58.0 25.0 99.0 20.0 78.0 15.0 23.0 51.0 104.0 48.0 14.0 45.0 90.0 56.0 11.0 107.0 63.0 74.0 60.0 106.0 99.0 85.0 110.0 95.0 81.0 47.0 44.0 94.0 76.0 53.0 63.0 69.0 36.0 43.0 108.0 55.0 83.0 54.0 105.0 24.0 76.0 83.0 26.0 43.0 41.0 93.0 84.0 64.0 45.0 16.0 83.0 40.2 80.01 10.05 80.1 30.04 70.03 60.07 90.08 90.05 100.05 50.04 20.1 50.04 100.02 0.8686738381771223
37.0 80.0 51.0 31.0 99.0 13.0 63.0 96.0 79.0 78.0 60.0 27.0 95.0 12.0 75.0 15.0 26.0 56.0 105.0 44.0 15.0 43.0 86.0 52.0 12.0 108.0 65.0 71.0 53.0 106.0 97.0 83.0 109.0 91.0 81.0 47.0 44.0 100.0 77.0 56.0 66.0 64.0 32.0 45.0 101.0 55.0 85.0 60.0 106.0 29.0 71.0 84.0 22.0 47.0 41.0 96.0 82.0 70.0 41.0 12.0 82.0 27.0 160.8 10.08 80.02 30.06 70.02 60.03 90.06 90.06 100.03 50.08 20.02 50.03 100.09 0.9526754605375607
31.0 71.0 53.0 34.0 92.0 18.0 68.0 95.0 71.0 76.0 51.0 22.0 99.0 17.0 80.0 18.0 23.0 51.0 109.0 45.0 16.0 45.0 88.0 60.0 16.0 104.0 63.0 73.0 51.0 108.0 96.0 89.0 105.0 93.0 86.0 41.0 48.0 97.0 78.0 56.0 64.0 69.0 39.0 46.0 109.0 57.0 89.0 52.0 107.0 28.0 78.0 82.0 25.0 42.0 45.0 91.0 87.0 67.0 49.0 17.0 81.0 26.0 81.0 20.1 80.09 30.09 70.02 60.02 90.04 90.06 100.09 50.04 20.09 50.01 100.07 0.14688038737008557
40.0 74.0 57.0 37.0 91.0 11.0 61.0 92.0 78.0 71.0 53.0 22.0 95.0 15.0 76.0 12.0 27.0 60.0 103.0 48.0 16.0 46.0 83.0 56.0 19.0 102.0 68.0 71.0 51.0 110.0 99.0 87.0 106.0 95.0 89.0 48.0 50.0 92.0 77.0 52.0 68.0 65.0 40.0 46.0 105.0 55.0 89.0 59.0 109.0 27.0 75.0 90.0 29.0 50.0 43.0 96.0 89.0 70.0 41.0 15.0 87.0 24.0 84.0 15.0 160.8 30.02 70.02 60.1 90.03 90.07 100.06 50.04 20.09 50.04 100.01 0.146525308152194
32.0 71.0 59.0 35.0 96.0 19.0 66.0 97.0 71.0 71.0 57.0 24.0 96.0 14.0 80.0 11.0 28.0 58.0 110.0 43.0 12.0 45.0 81.0 57.0 13.0 107.0 70.0 78.0 59.0 102.0 93.0 88.0 105.0 96.0 82.0 50.0 50.0 99.0 76.0 53.0 64.0 66.0 33.0 50.0 104.0 57.0 88.0 55.0 103.0 24.0 78.0 81.0 27.0 50.0 46.0 95.0 83.0 63.0 50.0 15.0 83.0 24.0 86.0 13.0 81.0 60.3 70.07 60.04 90.01 90.1 100.03 50.1 20.09 50.06 100.06 0.5866254584157266
39.0 77.0 54.0 33.0 92.0 17.0 66.0 95.0 74.0 78.0 60.0 24.0 95.0 11.0 78.0 16.0 24.0 54.0 110.0 47.0 13.0 42.0 83.0 55.0 15.0 103.0 62.0 74.0 52.0 102.0 100.0 81.0 105.0 94.0 89.0 44.0 45.0 98.0 77.0 54.0 69.0 62.0 33.0 45.0 102.0 59.0 86.0 59.0 110.0 22.0 76.0 89.0 22.0 42.0 42.0 97.0 81.0 67.0 48.0 16.0 82.0 22.0 89.0 18.0 89.0 37.0 140.7 60.04 90.04 90.01 100.08 50.05 20.04 50.09 100.06 0.6797969644957569
40.0 75.0 51.0 31.0 91.0 13.0 66.0 96.0 72.0 71.0 52.0 29.0 95.0 18.0 77.0 14.0 28.0 57.0 110.0 42.0 13.0 50.0 86.0 53.0 11.0 106.0 68.0 71.0 60.0 103.0 99.0 90.0 102.0 99.0 85.0 41.0 43.0 97.0 76.0 59.0 63.0 64.0 31.0 43.0 105.0 54.0 89.0 58.0 106.0 27.0 80.0 84.0 29.0 41.0 41.0 96.0 87.0 65.0 45.0 15.0 81.0 21.0 89.0 14.0 82.0 33.0 80.0 120.6 90.03 90.05 100.02 50.01 20.04 50.03 100.03 0.03598648988712305
36.0 74.0 53.0 32.0 94.0 17.0 64.0 91.0 74.0 75.0 53.0 25.0 98.0 14.0 72.0 13.0 30.0 55.0 103.0 45.0 16.0 47.0 89.0 58.0 17.0 106.0 66.0 77.0 51.0 102.0 96.0 87.0 105.0 92.0 85.0 47.0 48.0 91.0 73.0 54.0 65.0 70.0 32.0 50.0 107.0 60.0 89.0 51.0 107.0 26.0 76.0 87.0 26.0 43.0 42.0 92.0 88.0 64.0 50.0 19.0 88.0 28.0 82.0 13.0 81.0 36.0 73.0 65.0 180.9 90.04 100.1 50.05 20.07 50.02 100.05 0.4899522763243611
33.0 79.0 57.0 32.0 99.0 13.0 64.0 96.0 80.0 76.0 53.0 21.0 100.0 17.0 79.0 14.0 26.0 59.0 107.0 46.0 13.0 49.0 87.0 54.0 20.0 105.0 63.0 80.0 52.0 107.0 97.0 84.0 109.0 97.0 90.0 43.0 45.0 94.0 74.0 58.0 65.0 63.0 39.0 49.0 110.0 58.0 88.0 55.0 101.0 30.0 76.0 89.0 21.0 42.0 47.0 93.0 89.0 64.0 49.0 19.0 84.0 28.0 89.0 18.0 88.0 36.0 79.0 68.0 97.0 180.9 100.05 50.05 20.03 50.06 100.04 0.357624950190939
33.0 73.0 51.0 31.0 99.0 13.0 68.0 98.0 75.0 72.0 55.0 22.0 91.0 14.0 73.0 19.0 28.0 55.0 106.0 41.0 14.0 49.0 81.0 59.0 19.0 105.0 70.0 76.0 53.0 108.0 98.0 90.0 102.0 100.0 82.0 46.0 46.0 99.0 75.0 56.0 61.0 65.0 36.0 44.0 106.0 56.0 81.0 60.0 101.0 25.0 79.0 81.0 25.0 45.0 45.0 95.0 90.0 61.0 43.0 14.0 82.0 22.0 84.0 16.0 84.0 39.0 80.0 68.0 99.0 100.0 201.0 50.05 20.04 50.03 100.02 0.44229838881529426
36.0 77.0 55.0 36.0 91.0 17.0 62.0 95.0 72.0 71.0 56.0 24.0 92.0 15.0 72.0 17.0 25.0 60.0 106.0 50.0 15.0 45.0 85.0 54.0 13.0 104.0 63.0 73.0 56.0 106.0 96.0 81.0 102.0 98.0 86.0 49.0 44.0 91.0 80.0 60.0 64.0 70.0 36.0 46.0 106.0 56.0 82.0 54.0 103.0 24.0 72.0 84.0 24.0 49.0 44.0 100.0 90.0 69.0 48.0 13.0 84.0 22.0 90.0 17.0 81.0 38.0 74.0 63.0 96.0 94.0 104.0 100.5 20.03 50.1 100.02 0.04667765640606858
40.0 79.0 60.0 39.0 93.0 19.0 66.0 97.0 74.0 79.0 51.0 26.0 92.0 14.0 79.0 15.0 26.0 58.0 102.0 42.0 17.0 46.0 89.0 54.0 15.0 108.0 67.0 71.0 55.0 109.0 92.0 88.0 103.0 93.0 81.0 50.0 47.0 93.0 72.0 53.0 66.0 65.0 38.0 49.0 105.0 57.0 82.0 56.0 106.0 21.0 79.0 82.0 24.0 42.0 44.0 93.0 86.0 62.0 42.0 17.0 90.0 22.0 85.0 12.0 83.0 37.0 77.0 64.0 100.0 93.0 102.0 52.0 40.2 50.05 100.09 0.36787741325856105
34.0 77.0 59.0 33.0 99.0 14.0 67.0 92.0 73.0 76.0 55.0 29.0 100.0 17.0 74.0 17.0 27.0 58.0 107.0 42.0 18.0 46.0 86.0 58.0 15.0 107.0 69.0 75.0 54.0 106.0 93.0 82.0 108.0 94.0 89.0 48.0 47.0 96.0 78.0 58.0 69.0 69.0 40.0 42.0 107.0 52.0 82.0 54.0 109.0 29.0 77.0 83.0 26.0 48.0 41.0 91.0 87.0 62.0 49.0 16.0 82.0 27.0 82.0 12.0 84.0 34.0 76.0 65.0 94.0 94.0 102.0 59.0 30.0 100.5 100.05 0.3573134626976421
35.0 80.0 51.0 32.0 100.0 13.0 64.0 91.0 73.0 71.0 58.0 25.0 93.0 20.0 71.0 18.0 25.0 53.0 108.0 42.0 19.0 41.0 84.0 54.0 19.0 102.0 64.0 73.0 55.0 108.0 97.0 89.0 110.0 99.0 84.0 50.0 43.0 91.0 80.0 56.0 67.0 65.0 36.0 49.0 108.0 55.0 81.0 52.0 109.0 26.0 79.0 86.0 22.0 45.0 45.0 91.0 84.0 66.0 42.0 19.0 85.0 23.0 86.0 15.0 82.0 37.0 80.0 69.0 93.0 93.0 102.0 54.0 22.0 58.0 201.0 0.6047642225453653
