100
20.1 40.04 60.01 60.09 20.09 30.02 30.08 50.09 20.05 100.05 70.1 60.08 60.08 70.06 20.03 50.06 60.05 30.09 90.06 20.09 60.07 100.07 10.05 30.06 30.1 20.08 30.02 20.1 50.06 20.07 20.03 80.03 10.01 10.09 70.09 50.09 70.02 90.06 100.07 80.01 90.09 80.05 60.02 70.04 90.01 80.03 70.06 50.06 80.06 10.02 100.1 10.05 30.07 20.03 60.02 50.03 90.02 30.01 10.07 40.08 50.02 40.06 40.01 10.09 70.1 10.08 10.07 30.06 30.03 50.03 30.04 50.06 100.01 100.06 30.05 70.09 100.07 40.02 50.08 10.02 80.08 80.06 20.05 40.03 40.09 50.05 40.08 20.03 40.08 30.07 50.02 40.07 40.01 10.08 10.05 90.05 70.09 20.1 40.02 60.05 0.4387480882012361
16.0 80.4 60.06 60.1 20.05 30.08 30.04 50.08 20.1 100.07 70.1 60.05 60.1 70.08 20.01 50.08 60.09 30.05 90.05 20.02 60.1 100.07 10.02 30.07 30.06 20.1 30.01 20.04 50.08 20.06 20.06 80.02 10.07 10.08 70.07 50.1 70.06 90.1 100.09 80.05 90.02 80.09 60.04 70.08 90.07 80.08 70.09 50.04 80.05 10.07 100.02 10.01 30.07 20.03 60.08 50.02 90.06 30.08 10.09 40.1 50.09 40.01 40.01 10.01 70.03 10.08 10.02 30.08 30.09 50.07 30.02 50.02 100.07 100.04 30.02 70.09 100.04 40.05 50.08 10.06 80.1 80.04 20.06 40.08 40.07 50.02 40.02 20.06 40.07 30.06 50.02 40.05 40.05 10.01 10.04 90.03 70.03 20.04 40.06 60.03 0.11590133698957317
16.0 49.0 120.6 60.1 20.03 30.03 30.02 50.08 20.06 100.02 70.04 60.1 60.01 70.04 20.05 50.08 60.1 30.08 90.04 20.04 60.04 100.05 10.07 30.07 30.07 20.08 30.05 20.03 50.08 20.04 20.04 80.07 10.02 10.06 70.04 50.03 70.05 90.06 100.01 80.08 90.08 80.05 60.01 70.03 90.02 80.06 70.06 50.04 80.07 10.06 100.01 10.01 30.07 20.09 60.02 50.05 90.05 30.05 10.01 40.04 50.07 40.03 40.08 10.09 70.09 10.03 10.02 30.02 30.01 50.08 30.05 50.05 100.04 100.05 30.1 70.01 100.1 40.04 50.02 10.04 80.01 80.07 20.02 40.01 40.04 50.04 40.05 20.07 40.08 30.09 50.01 40.04 40.07 10.07 10.1 90.03 70.05 20.09 40.08 60.08 0.5411773402797643
17.0 44.0 70.0 120.6 20.07 30.01 30.08 50.01 20.07 100.03 70.06 60.1 60.04 70.07 20.1 50.07 60.1 30.08 90.06 20.08 60.09 100.09 10.03 30.07 30.1 20.03 30.06 20.06 50.09 20.07 20.1 80.02 10.09 10.05 70.07 50.09 70.1 90.04 100.05 80.05 90.1 80.1 60.08 70.03 90.1 80.01 70.03 50.03 80.03 10.07 100.02 10.1 30.05 20.05 60.1 50.07 90.09 30.04 10.05 40.04 50.02 40.1 40.1 10.08 70.1 10.03 10.06 30.03 30.07 50.03 30.03 50.01 100.1 100.03 30.1 70.07 100.08 40.09 50.06 10.05 80.08 80.05 20.1 40.08 40.01 50.1 40.04 20.09 40.1 30.07 50.03 40.04 40.09 10.05 10.07 90.07 70.08 20.08 40.09 60.08 0.6527725483579978
18.0 41.0 67.0 62.0 40.2 30.06 30.04 50.09 20.05 100.05 70.03 60.09 60.04 70.07 20.03 50.01 60.03 30.06 90.03 20.06 60.08 100.03 10.09 30.01 30.06 20.09 30.09 20.08 50.1 20.05 20.1 80.1 10.09 10.08 70.08 50.03 70.09 90.08 100.07 80.05 90.05 80.03 60.09 70.07 90.04 80.06 70.03 50.07 80.09 10.04 100.04 10.07 30.01 20.02 60.01 50.08 90.08 30.09 10.03 40.09 50.07 40.05 40.09 10.08 70.04 10.07 10.07 30.1 30.03 50.05 30.09 50.08 100.05 100.01 30.01 70.09 100.04 40.05 50.09 10.1 80.04 80.07 20.01 40.08 40.05 50.1 40.1 20.02 40.02 30.01 50.04 40.09 40.02 10.09 10.07 90.03 70.03 20.06 40.06 60.08 0.21541211591761777
20.0 48.0 61.0 65.0 27.0 60.3 30.09 50.03 20.09 100.04 70.09 60.1 60.09 70.04 20.08 50.05 60.02 30.05 90.03 20.05 60.04 100.1 10.05 30.1 30.1 20.03 30.05 20.02 50.06 20.06 20.09 80.01 10.01 10.06 70.1 50.04 70.02 90.02 100.06 80.06 90.02 80.04 60.1 70.01 90.08 80.01 70.09 50.08 80.04 10.08 100.06 10.07 30.07 20.06 60.05 50.03 90.06 30.06 10.01 40.08 50.1 40.07 40.03 10.07 70.06 10.03 10.08 30.06 30.06 50.06 30.06 50.09 100.03 100.05 30.03 70.04 100.07 40.05 50.05 10.02 80.05 80.08 20.09 40.08 40.01 50.03 40.07 20.04 40.05 30.08 50.07 40.06 40.07 10.07 10.08 90.08 70.05 20.06 40.03 60.03 0.8643825910364027
17.0 45.0 62.0 62.0 21.0 37.0 60.3 50.02 20.06 100.04 70.1 60.06 60.1 70.03 20.02 50.08 60.04 30.08 90.03 20.1 60.03 100.07 10.08 30.03 30.06 20.08 30.06 20.07 50.03 20.09 20.02 80.09 10.01 10.03 70.1 50.08 70.06 90.07 100.09 80.02 90.01 80.1 60.02 70.01 90.03 80.03 70.02 50.05 80.04 10.01 100.09 10.03 30.09 20.02 60.09 50.02 90.04 30.09 10.09 40.01 50.1 40.06 40.07 10.05 70.1 10.05 10.02 30.07 30.03 50.02 30.06 50.04 100.01 100.09 30.08 70.09 100.01 40.02 50.07 10.06 80.04 80.1 20.08 40.01 40.09 50.02 40.01 20.08 40.08 30.05 50.04 40.03 40.07 10.06 10.07 90.06 70.07 20.01 40.08 60.06 0.18760859523264595
12.0 47.0 61.0 64.0 23.0 39.0 37.0 100.5 20.01 100.06 70.04 60.02 60.04 70.02 20.01 50.04 60.06 30.01 90.03 20.09 60.09 100.08 10.02 30.02 30.02 20.09 30.03 20.08 50.07 20.08 20.04 80.07 10.01 10.1 70.05 50.05 70.06 90.03 100.08 80.04 90.1 80.07 60.02 70.04 90.07 80.1 70.01 50.02 80.05 10.04 100.01 10.09 30.1 20.05 60.01 50.1 90.01 30.03 10.1 40.09 50.03 40.09 40.09 10.01 70.06 10.06 10.03 30.04 30.09 50.02 30.04 50.04 100.04 100.09 30.09 70.05 100.09 40.04 50.03 10.05 80.09 80.09 20.09 40.04 40.02 50.06 40.09 20.05 40.03 30.09 50.05 40.1 40.07 10.06 10.08 90.1 70.03 20.1 40.05 60.04 0.2688489289777426
13.0 49.0 62.0 64.0 26.0 35.0 31.0 54.0 40.2 100.1 70.05 60.1 60.03 70.1 20.04 50.1 60.03 30.07 90.01 20.06 60.04 100.09 10.07 30.02 30.01 20.01 30.09 20.09 50.05 20.09 20.01 80.07 10.09 10.05 70.01 50.04 70.1 90.06 100.05 80.04 90.01 80.04 60.09 70.06 90.07 80.03 70.1 50.02 80.05 10.08 100.09 10.01 30.05 20.02 60.05 50.03 90.05 30.05 10.09 40.01 50.06 40.03 40.07 10.07 70.08 10.08 10.05 30.08 30.04 50.06 30.08 50.09 100.03 100.06 30.1 70.05 100.04 40.05 50.08 10.01 80.01 80.03 20.05 40.06 40.08 50.03 40.04 20.02 40.06 30.01 50.02 40.1 40.08 10.01 10.04 90.09 70.05 20.01 40.03 60.05 0.06082253635680901
13.0 50.0 61.0 69.0 30.0 38.0 34.0 51.0 29.0 201.0 70.1 60.04 60.06 70.07 20.03 50.06 60.02 30.05 90.08 20.08 60.1 100.08 10.09 30.03 30.05 20.05 30.07 20.07 50.03 20.05 20.07 80.03 10.06 10.08 70.06 50.07 70.04 90.06 100.1 80.1 90.03 80.09 60.1 70.07 90.05 80.09 70.07 50.08 80.04 10.08 100.05 10.07 30.01 20.05 60.08 50.01 90.09 30.06 10.07 40.04 50.06 40.03 40.1 10.08 70.02 10.05 10.02 30.07 30.03 50.02 30.07 50.01 100.06 100.04 30.05 70.04 100.04 40.01 50.09 10.07 80.07 80.08 20.08 40.08 40.04 50.05 40.03 20.02 40.04 30.02 50.09 40.04 40.01 10.07 10.06 90.03 70.01 20.04 40.03 60.03 0.8287176697797005
14.0 45.0 67.0 67.0 26.0 33.0 38.0 52.0 30.0 106.0 140.7 60.06 60.09 70.08 20.09 50.02 60.03 30.02 90.06 20.05 60.08 100.1 10.02 30.06 30.04 20.05 30.01 20.08 50.02 20.06 20.04 80.03 10.04 10.04 70.03 50.03 70.03 90.1 100.01 80.04 90.08 80.04 60.05 70.03 90.02 80.03 70.05 50.09 80.05 10.1 100.07 10.05 30.01 20.05 60.04 50.1 90.04 30.05 10.06 40.01 50.07 40.01 40.03 10.07 70.04 10.04 10.02 30.08 30.06 50.07 30.1 50.02 100.01 100.1 30.05 70.05 100.09 40.02 50.02 10.08 80.02 80.05 20.01 40.09 40.02 50.06 40.1 20.07 40.1 30.02 50.07 40.02 40.05 10.08 10.04 90.01 70.08 20.07 40.05 60.1 0.6608379975195844
12.0 42.0 63.0 63.0 22.0 40.0 37.0 58.0 24.0 106.0 79.0 120.6 60.02 70.04 20.03 50.04 60.07 30.02 90.03 20.08 60.07 100.04 10.01 30.03 30.07 20.08 30.03 20.08 50.03 20.03 20.03 80.01 10.09 10.01 70.03 50.1 70.02 90.02 100.05 80.09 90.1 80.04 60.1 70.1 90.05 80.07 70.07 50.01 80.01 10.08 100.1 10.02 30.1 20.03 60.04 50.06 90.04 30.07 10.06 40.07 50.05 40.02 40.05 10.01 70.03 10.05 10.06 30.06 30.1 50.09 30.1 50.01 100.04 100.03 30.01 70.1 100.01 40.05 50.05 10.09 80.1 80.1 20.1 40.1 40.02 50.08 40.03 20.09 40.02 30.05 50.1 40.09 40.08 10.05 10.04 90.09 70.04 20.06 40.08 60.05 0.8201091827637195
14.0 43.0 66.0 66.0 29.0 34.0 34.0 55.0 21.0 104.0 71.0 64.0 120.6 70.04 20.03 50.05 60.06 30.06 90.03 20.09 60.03 100.06 10.02 30.06 30.02 20.09 30.06 20.08 50.04 20.08 20.07 80.05 10.07 10.05 70.08 50.01 70.06 90.01 100.05 80.01 90.06 80.1 60.04 70.03 90.04 80.04 70.1 50.02 80.06 10.05 100.1 10.08 30.08 20.05 60.1 50.1 90.01 30.04 10.01 40.03 50.02 40.1 40.08 10.01 70.06 10.07 10.04 30.01 30.05 50.07 30.08 50.03 100.09 100.06 30.04 70.09 100.06 40.08 50.01 10.06 80.01 80.03 20.07 40.01 40.06 50.07 40.04 20.02 40.1 30.03 50.03 40.1 40.01 10.06 10.07 90.09 70.09 20.09 40.06 60.1 0.297447825578641
16.0 44.0 67.0 69.0 25.0 37.0 39.0 55.0 26.0 106.0 73.0 61.0 65.0 140.7 20.07 50.04 60.08 30.04 90.05 20.01 60.05 100.01 10.05 30.04 30.02 20.02 30.02 20.05 50.07 20.08 20.01 80.02 10.03 10.04 70.01 50.08 70.05 90.06 100.09 80.02 90.03 80.03 60.08 70.04 90.08 80.05 70.1 50.05 80.07 10.08 100.1 10.1 30.08 20.09 60.05 50.04 90.02 30.02 10.1 40.09 50.09 40.04 40.1 10.01 70.06 10.04 10.07 30.02 30.09 50.04 30.1 50.08 100.07 100.02 30.08 70.03 100.08 40.06 50.07 10.07 80.03 80.1 20.09 40.05 40.08 50.08 40.04 20.03 40.06 30.1 50.02 40.07 40.05 10.08 10.08 90.06 70.08 20.05 40.07 60.07 0.7038313546029278
19.0 49.0 61.0 69.0 29.0 31.0 40.0 55.0 25.0 106.0 71.0 69.0 61.0 75.0 40.2 50.03 60.01 30.07 90.07 20.1 60.02 100.1 10.09 30.07 30.07 20.1 30.01 20.02 50.01 20.09 20.02 80.04 10.09 10.09 70.07 50.03 70.08 90.02 100.09 80.06 90.07 80.04 60.06 70.04 90.08 80.06 70.08 50.01 80.03 10.05 100.1 10.02 30.01 20.02 60.02 50.06 90.09 30.04 10.07 40.06 50.03 40.02 40.09 10.02 70.08 10.08 10.09 30.03 30.01 50.03 30.09 50.09 100.03 100.02 30.07 70.08 100.03 40.05 50.1 10.01 80.05 80.09 20.07 40.06 40.01 50.1 40.03 20.02 40.05 30.07 50.1 40.06 40.06 10.01 10.07 90.06 70.09 20.06 40.05 60.08 0.17528892185522293
19.0 45.0 67.0 70.0 24.0 37.0 37.0 57.0 21.0 103.0 78.0 70.0 62.0 78.0 26.0 100.5 60.05 30.04 90.03 20.05 60.1 100.06 10.01 30.06 30.08 20.09 30.07 20.04 50.05 20.01 20.08 80.06 10.09 10.08 70.05 50.1 70.04 90.07 100.1 80.07 90.01 80.05 60.1 70.04 90.07 80.09 70.01 50.02 80.04 10.04 100.1 10.03 30.09 20.07 60.07 50.05 90.04 30.08 10.08 40.1 50.1 40.03 40.03 10.09 70.04 10.05 10.05 30.09 30.1 50.07 30.03 50.09 100.07 100.1 30.03 70.06 100.03 40.03 50.02 10.01 80.08 80.09 20.04 40.04 40.1 50.04 40.06 20.1 40.04 30.01 50.07 40.01 40.04 10.1 10.09 90.05 70.08 20.01 40.01 60.05 0.4516071792613813
20.0 48.0 65.0 66.0 27.0 36.0 36.0 55.0 28.0 109.0 79.0 64.0 69.0 75.0 26.0 55.0 120.6 30.1 90.03 20.1 60.08 100.01 10.06 30.03 30.04 20.01 30.03 20.03 50.1 20.06 20.04 80.04 10.04 10.07 70.03 50.02 70.02 90.06 100.01 80.06 90.07 80.07 60.06 70.02 90.05 80.1 70.05 50.05 80.07 10.07 100.05 10.1 30.01 20.04 60.06 50.1 90.09 30.07 10.08 40.08 50.02 40.03 40.02 10.09 70.02 10.08 10.07 30.08 30.06 50.04 30.04 50.08 100.08 100.05 30.04 70.04 100.1 40.02 50.07 10.02 80.01 80.04 20.09 40.1 40.02 50.02 40.09 20.09 40.01 30.01 50.02 40.01 40.03 10.08 10.03 90.06 70.05 20.08 40.01 60.02 0.13994567792413526
13.0 47.0 62.0 65.0 26.0 31.0 38.0 57.0 24.0 102.0 74.0 64.0 62.0 72.0 22.0 52.0 64.0 60.3 90.05 20.09 60.05 100.02 10.1 30.02 30.01 20.06 30.03 20.07 50.07 20.1 20.01 80.1 10.01 10.06 70.1 50.1 70.02 90.01 100.08 80.07 90.07 80.05 60.01 70.09 90.01 80.07 70.01 50.02 80.05 10.08 100.01 10.03 30.05 20.01 60.05 50.05 90.03 30.07 10.02 40.04 50.06 40.01 40.05 10.05 70.06 10.08 10.07 30.07 30.03 50.04 30.03 50.02 100.01 100.02 30.09 70.09 100.03 40.01 50.07 10.01 80.06 80.03 20.06 40.07 40.02 50.1 40.03 20.07 40.02 30.01 50.08 40.03 40.07 10.02 10.01 90.03 70.08 20.03 40.04 60.1 0.36300765140623825
16.0 49.0 68.0 69.0 27.0 31.0 36.0 51.0 24.0 110.0 78.0 64.0 62.0 72.0 29.0 59.0 70.0 31.0 180.9 20.01 60.04 100.06 10.09 30.05 30.08 20.01 30.02 20.06 50.06 20.01 20.03 80.1 10.1 10.06 70.04 50.02 70.09 90.02 100.03 80.09 90.04 80.08 60.01 70.06 90.07 80.1 70.01 50.07 80.04 10.06 100.02 10.01 30.06 20.05 60.1 50.01 90.05 30.1 10.06 40.01 50.08 40.02 40.05 10.09 70.09 10.08 10.04 30.04 30.03 50.1 30.09 50.03 100.03 100.06 30.02 70.09 100.04 40.09 50.01 10.09 80.01 80.04 20.03 40.08 40.1 50.03 40.05 20.03 40.04 30.1 50.04 40.08 40.1 10.02 10.03 90.09 70.09 20.02 40.05 60.05 0.40635168475908845
17.0 50.0 68.0 64.0 22.0 37.0 35.0 51.0 30.0 110.0 80.0 62.0 66.0 80.0 24.0 51.0 65.0 38.0 98.0 40.2 60.09 100.03 10.01 30.09 30.04 20.05 30.03 20.04 50.05 20.09 20.08 80.09 10.03 10.02 70.09 50.08 70.06 90.04 100.02 80.08 90.07 80.07 60.01 70.08 90.05 80.08 70.02 50.08 80.08 10.05 100.1 10.01 30.07 20.02 60.05 50.06 90.01 30.04 10.03 40.01 50.08 40.03 40.04 10.03 70.02 10.08 10.01 30.05 30.05 50.01 30.08 50.01 100.02 100.08 30.1 70.05 100.07 40.08 50.03 10.05 80.06 80.05 20.05 40.03 40.09 50.04 40.02 20.03 40.04 30.07 50.02 40.01 40.1 10.08 10.04 90.02 70.05 20.01 40.1 60.09 0.6911108145882624
16.0 41.0 66.0 62.0 22.0 32.0 32.0 51.0 30.0 108.0 72.0 65.0 68.0 76.0 28.0 54.0 65.0 40.0 94.0 27.0 120.6 100.05 10.05 30.09 30.09 20.09 30.02 20.04 50.1 20.08 20.09 80.09 10.08 10.02 70.1 50.05 70.06 90.07 100.09 80.02 90.01 80.1 60.08 70.09 90.06 80.08 70.06 50.07 80.07 10.02 100.07 10.09 30.05 20.02 60.03 50.03 90.05 30.1 10.06 40.1 50.01 40.1 40.08 10.01 70.03 10.07 10.02 30.03 30.05 50.09 30.07 50.07 100.07 100.06 30.09 70.08 100.1 40.07 50.03 10.09 80.08 80.07 20.05 40.05 40.09 50.06 40.05 20.08 40.09 30.03 50.08 40.07 40.07 10.07 10.04 90.05 70.02 20.08 40.05 60.03 0.3368648663618308
14.0 42.0 63.0 61.0 22.0 34.0 39.0 51.0 27.0 107.0 78.0 67.0 69.0 74.0 29.0 51.0 61.0 32.0 99.0 22.0 70.0 201.0 10.06 30.01 30.07 20.04 30.01 20.1 50.01 20.05 20.09 80.07 10.03 10.04 70.05 50.09 70.01 90.05 100.09 80.06 90.06 80.04 60.08 70.01 90.06 80.05 70.06 50.02 80.03 10.01 100.05 10.09 30.1 20.06 60.01 50.06 90.04 30.02 10.02 40.09 50.1 40.05 40.01 10.09 70.02 10.07 10.05 30.05 30.09 50.09 30.05 50.1 100.03 100.04 30.01 70.07 100.09 40.01 50.09 10.07 80.03 80.08 20.05 40.1 40.05 50.04 40.1 20.09 40.03 30.1 50.07 40.03 40.09 10.01 10.08 90.06 70.09 20.09 40.08 60.03 0.7566439190795291
15.0 49.0 67.0 63.0 26.0 35.0 39.0 56.0 23.0 102.0 76.0 64.0 61.0 71.0 23.0 55.0 70.0 40.0 95.0 29.0 65.0 105.0 20.1 30.01 30.05 20.03 30.07 20.01 50.05 20.01 20.01 80.01 10.03 10.01 70.01 50.06 70.05 90.01 100.06 80.08 90.04 80.09 60.1 70.03 90.07 80.01 70.1 50.05 80.02 10.01 100.06 10.03 30.05 20.02 60.1 50.03 90.02 30.1 10.03 40.04 50.03 40.06 40.02 10.05 70.01 10.1 10.01 30.05 30.09 50.01 30.07 50.02 100.05 100.03 30.1 70.08 100.01 40.08 50.09 10.02 80.03 80.08 20.03 40.03 40.09 50.08 40.02 20.06 40.06 30.07 50.09 40.08 40.09 10.07 10.01 90.08 70.06 20.06 40.06 60.09 0.42344586054467903
20.0 48.0 65.0 64.0 21.0 39.0 39.0 51.0 29.0 104.0 76.0 63.0 62.0 76.0 29.0 60.0 63.0 38.0 91.0 24.0 61.0 108.0 11.0 60.3 30.01 20.03 30.05 20.09 50.09 20.09 20.03 80.01 10.07 10.05 70.05 50.08 70.04 90.01 100.02 80.01 90.1 80.01 60.05 70.02 90.06 80.1 70.01 50.08 80.03 10.08 100.01 10.02 30.03 20.08 60.04 50.04 90.1 30.1 10.04 40.01 50.06 40.02 40.01 10.09 70.03 10.01 10.04 30.04 30.01 50.02 30.09 50.03 100.05 100.1 30.02 70.05 100.04 40.07 50.03 10.04 80.1 80.05 20.04 40.1 40.07 50.04 40.07 20.02 40.02 30.05 50.08 40.01 40.08 10.04 10.07 90.08 70.06 20.06 40.04 60.03 0.7138910419238773
19.0 47.0 69.0 68.0 27.0 33.0 33.0 56.0 27.0 108.0 79.0 61.0 61.0 71.0 30.0 56.0 65.0 34.0 93.0 26.0 69.0 106.0 19.0 39.0 60.3 20.05 30.01 20.02 50.04 20.03 20.06 80.02 10.04 10.09 70.06 50.07 70.09 90.01 100.1 80.04 90.04 80.06 60.09 70.01 90.1 80.02 70.03 50.1 80.09 10.08 100.1 10.09 30.01 20.07 60.08 50.01 90.01 30.08 10.03 40.1 50.03 40.09 40.05 10.05 70.04 10.02 10.1 30.1 30.06 50.06 30.04 50.04 100.06 100.09 30.04 70.02 100.1 40.04 50.04 10.1 80.06 80.04 20.02 40.07 40.08 50.02 40.02 20.05 40.05 30.08 50.03 40.08 40.01 10.06 10.1 90.1 70.06 20.05 40.09 60.1 0.6147909976938799
19.0 50.0 70.0 69.0 28.0 36.0 35.0 53.0 30.0 110.0 76.0 70.0 69.0 76.0 22.0 52.0 61.0 40.0 94.0 29.0 65.0 107.0 19.0 35.0 36.0 40.2 30.03 20.08 50.1 20.05 20.08 80.04 10.07 10.01 70.04 50.04 70.09 90.1 100.01 80.03 90.08 80.04 60.08 70.09 90.1 80.05 70.08 50.1 80.05 10.01 100.06 10.01 30.08 20.01 60.1 50.03 90.1 30.03 10.04 40.03 50.08 40.03 40.07 10.02 70.03 10.05 10.09 30.07 30.04 50.01 30.04 50.03 100.02 100.05 30.04 70.01 100.04 40.08 50.03 10.04 80.04 80.01 20.09 40.02 40.08 50.1 40.1 20.1 40.07 30.01 50.08 40.01 40.04 10.06 10.02 90.06 70.05 20.08 40.03 60.06 0.7905952828609732
20.0 44.0 68.0 65.0 23.0 34.0 39.0 55.0 23.0 101.0 78.0 67.0 68.0 79.0 24.0 53.0 63.0 33.0 95.0 29.0 69.0 102.0 11.0 39.0 37.0 27.0 60.3 20.07 50.09 20.1 20.05 80.08 10.06 10.1 70.05 50.02 70.08 90.01 100.1 80.07 90.03 80.07 60.07 70.04 90.09 80.02 70.05 50.01 80.1 10.09 100.09 10.07 30.04 20.05 60.07 50.02 90.02 30.08 10.02 40.08 50.03 40.07 40.06 10.04 70.02 10.04 10.1 30.02 30.04 50.03 30.1 50.01 100.01 100.05 30.06 70.03 100.05 40.07 50.1 10.04 80.1 80.01 20.1 40.03 40.06 50.05 40.1 20.1 40.04 30.01 50.08 40.1 40.05 10.06 10.04 90.1 70.08 20.04 40.04 60.07 0.05288778673332317
20.0 49.0 70.0 61.0 30.0 31.0 33.0 54.0 27.0 102.0 74.0 65.0 64.0 79.0 24.0 56.0 64.0 36.0 93.0 22.0 68.0 109.0 12.0 35.0 33.0 22.0 31.0 40.2 50.1 20.01 20.08 80.01 10.01 10.07 70.02 50.01 70.04 90.05 100.05 80.07 90.1 80.01 60.04 70.06 90.08 80.05 70.02 50.05 80.05 10.1 100.02 10.09 30.06 20.1 60.08 50.09 90.1 30.02 10.02 40.01 50.06 40.04 40.02 10.02 70.05 10.02 10.1 30.04 30.06 50.08 30.04 50.04 100.09 100.1 30.02 70.04 100.08 40.03 50.01 10.03 80.09 80.04 20.09 40.06 40.05 50.07 40.01 20.1 40.1 30.03 50.02 40.1 40.02 10.03 10.05 90.03 70.1 20.09 40.05 60.01 0.2940999027378357
19.0 45.0 67.0 65.0 23.0 39.0 40.0 59.0 27.0 103.0 75.0 64.0 68.0 76.0 21.0 56.0 64.0 37.0 99.0 28.0 64.0 103.0 12.0 36.0 32.0 22.0 32.0 24.0 100.5 20.04 20.02 80.08 10.05 10.08 70.02 50.02 70.01 90.09 100.07 80.06 90.05 80.02 60.03 70.08 90.04 80.09 70.08 50.05 80.04 10.07 100.07 10.08 30.03 20.08 60.06 50.03 90.05 30.06 10.1 40.03 50.04 40.09 40.05 10.07 70.08 10.07 10.07 30.05 30.07 50.09 30.07 50.09 100.01 100.09 30.05 70.08 100.05 40.1 50.06 10.02 80.09 80.02 20.09 40.09 40.03 50.08 40.1 20.08 40.09 30.05 50.02 40.05 40.08 10.08 10.1 90.01 70.09 20.01 40.04 60.08 0.9730402757856752
19.0 47.0 63.0 67.0 28.0 40.0 33.0 59.0 21.0 105.0 72.0 68.0 69.0 78.0 29.0 52.0 67.0 35.0 96.0 27.0 66.0 102.0 13.0 34.0 33.0 22.0 34.0 28.0 54.0 40.2 20.07 80.06 10.1 10.08 70.08 50.07 70.01 90.05 100.07 80.08 90.08 80.04 60.04 70.02 90.07 80.01 70.07 50.07 80.1 10.01 100.06 10.1 30.05 20.02 60.06 50.07 90.1 30.03 10.02 40.05 50.04 40.05 40.01 10.08 70.04 10.08 10.09 30.05 30.02 50.08 30.05 50.09 100.05 100.04 30.08 70.06 100.07 40.05 50.02 10.01 80.03 80.06 20.04 40.06 40.08 50.09 40.05 20.08 40.02 30.05 50.04 40.04 40.07 10.09 10.06 90.09 70.01 20.03 40.04 60.08 0.47100730961462134
12.0 43.0 63.0 64.0 29.0 38.0 39.0 60.0 25.0 105.0 79.0 69.0 64.0 76.0 26.0 60.0 67.0 40.0 96.0 23.0 67.0 102.0 18.0 32.0 39.0 27.0 39.0 23.0 51.0 27.0 40.2 80.06 10.07 10.01 70.04 50.09 70.04 90.1 100.07 80.02 90.1 80.08 60.04 70.02 90.06 80.07 70.1 50.09 80.02 10.08 100.09 10.08 30.05 20.08 60.1 50.09 90.05 30.04 10.04 40.02 50.04 40.01 40.02 10.02 70.04 10.05 10.06 30.04 30.08 50.1 30.03 50.1 100.08 100.02 30.05 70.01 100.02 40.07 50.06 10.02 80.05 80.08 20.08 40.04 40.01 50.05 40.1 20.04 40.06 30.08 50.02 40.03 40.04 10.04 10.1 90.06 70.07 20.07 40.03 60.05 0.0882503090080643
14.0 47.0 68.0 61.0 23.0 35.0 31.0 53.0 28.0 106.0 76.0 62.0 68.0 74.0 21.0 53.0 68.0 35.0 97.0 25.0 66.0 110.0 18.0 31.0 31.0 29.0 38.0 27.0 54.0 27.0 22.0 160.8 10.03 10.06 70.07 50.08 70.02 90.06 100.05 80.01 90.03 80.01 60.01 70.05 90.07 80.02 70.06 50.01 80.07 10.07 100.04 10.09 30.04 20.06 60.1 50.05 90.01 30.03 10.03 40.09 50.03 40.05 40.09 10.06 70.04 10.1 10.05 30.03 30.04 50.02 30.1 50.1 100.03 100.02 30.05 70.08 100.01 40.02 50.04 10.06 80.08 80.06 20.09 40.01 40.05 50.03 40.02 20.1 40.02 30.1 50.06 40.08 40.03 10.1 10.04 90.06 70.01 20.07 40.05 60.08 0.7519990766855937
12.0 50.0 70.0 67.0 23.0 37.0 32.0 60.0 29.0 110.0 78.0 61.0 61.0 75.0 27.0 60.0 61.0 40.0 98.0 27.0 61.0 101.0 12.0 40.0 32.0 23.0 32.0 29.0 54.0 22.0 29.0 89.0 20.1 10.06 70.01 50.06 70.08 90.04 100.01 80.01 90.06 80.02 60.01 70.01 90.01 80.08 70.06 50.07 80.1 10.08 100.01 10.02 30.02 20.07 60.05 50.09 90.08 30.07 10.07 40.09 50.02 40.07 40.07 10.03 70.01 10.07 10.08 30.1 30.03 50.01 30.1 50.05 100.08 100.08 30.02 70.09 100.05 40.07 50.03 10.05 80.04 80.04 20.07 40.09 40.01 50.06 40.1 20.1 40.05 30.07 50.02 40.03 40.04 10.06 10.02 90.06 70.01 20.1 40.03 60.06 0.6795747836172883
19.0 41.0 66.0 62.0 26.0 34.0 32.0 54.0 26.0 107.0 71.0 62.0 62.0 80.0 23.0 58.0 63.0 38.0 96.0 30.0 62.0 107.0 16.0 32.0 32.0 30.0 32.0 30.0 56.0 29.0 25.0 87.0 16.0 20.1 70.07 50.03 70.04 90.09 100.05 80.01 90.03 80.01 60.04 70.06 90.06 80.06 70.06 50.01 80.03 10.01 100.01 10.04 30.07 20.04 60.09 50.1 90.09 30.07 10.1 40.04 50.1 40.04 40.08 10.05 70.09 10.06 10.06 30.07 30.09 50.04 30.04 50.05 100.03 100.08 30.01 70.09 100.02 40.01 50.01 10.05 80.01 80.05 20.09 40.05 40.05 50.1 40.03 20.05 40.04 30.1 50.06 40.08 40.09 10.04 10.05 90.09 70.1 20.08 40.02 60.04 0.9625807231633182
17.0 46.0 65.0 69.0 27.0 32.0 39.0 55.0 21.0 103.0 78.0 61.0 61.0 79.0 27.0 55.0 67.0 35.0 98.0 24.0 67.0 105.0 19.0 38.0 34.0 25.0 33.0 29.0 53.0 30.0 24.0 88.0 18.0 15.0 140.7 50.06 70.01 90.02 100.04 80.05 90.04 80.09 60.1 70.02 90.08 80.1 70.08 50.02 80.05 10.09 100.09 10.09 30.09 20.03 60.1 50.08 90.09 30.03 10.04 40.02 50.01 40.08 40.06 10.02 70.07 10.1 10.02 30.07 30.05 50.09 30.06 50.05 100.06 100.07 30.07 70.05 100.1 40.04 50.05 10.03 80.06 80.03 20.04 40.06 40.03 50.1 40.03 20.07 40.07 30.04 50.09 40.08 40.1 10.09 10.04 90.03 70.02 20.06 40.06 60.07 0.31608446841060356
19.0 50.0 68.0 70.0 24.0 32.0 34.0 57.0 30.0 110.0 73.0 63.0 64.0 75.0 28.0 59.0 68.0 33.0 99.0 22.0 70.0 107.0 11.0 33.0 39.0 25.0 31.0 29.0 58.0 21.0 24.0 90.0 15.0 14.0 72.0 100.5 70.03 90.02 100.09 80.06 90.05 80.06 60.06 70.07 90.03 80.08 70.02 50.08 80.05 10.07 100.1 10.07 30.03 20.04 60.05 50.03 90.02 30.06 10.03 40.09 50.07 40.03 40.06 10.07 70.01 10.07 10.08 30.01 30.07 50.08 30.04 50.1 100.02 100.03 30.01 70.08 100.06 40.02 50.02 10.05 80.04 80.02 20.07 40.01 40.09 50.07 40.09 20.04 40.02 30.06 50.08 40.07 40.02 10.06 10.07 90.09 70.08 20.1 40.02 60.06 0.8851362382530416
13.0 45.0 66.0 63.0 22.0 40.0 32.0 59.0 28.0 104.0 74.0 67.0 65.0 72.0 28.0 57.0 61.0 33.0 96.0 27.0 62.0 109.0 19.0 34.0 36.0 30.0 39.0 26.0 57.0 23.0 30.0 90.0 18.0 13.0 71.0 56.0 140.7 90.09 100.1 80.08 90.1 80.06 60.04 70.03 90.03 80.03 70.1 50.09 80.06 10.06 100.04 10.1 30.05 20.01 60.1 50.03 90.08 30.07 10.03 40.08 50.01 40.08 40.1 10.01 70.06 10.03 10.03 30.07 30.04 50.08 30.07 50.05 100.09 100.08 30.03 70.06 100.05 40.05 50.03 10.07 80.09 80.09 20.07 40.06 40.1 50.04 40.08 20.01 40.03 30.02 50.06 40.09 40.03 10.02 10.08 90.06 70.02 20.09 40.01 60.06 0.2514840180169279
20.0 41.0 66.0 68.0 27.0 32.0 34.0 53.0 24.0 108.0 74.0 64.0 69.0 73.0 22.0 59.0 67.0 31.0 95.0 27.0 66.0 110.0 15.0 31.0 36.0 28.0 34.0 21.0 58.0 21.0 25.0 86.0 20.0 15.0 75.0 51.0 72.0 180.9 100.01 80.01 90.07 80.04 60.05 70.03 90.05 80.08 70.08 50.02 80.06 10.06 100.05 10.07 30.04 20.06 60.08 50.01 90.03 30.03 10.04 40.08 50.09 40.03 40.04 10.07 70.01 10.09 10.05 30.02 30.1 50.1 30.06 50.01 100.08 100.05 30.06 70.05 100.04 40.08 50.09 10.1 80.03 80.05 20.05 40.07 40.03 50.08 40.06 20.03 40.06 30.03 50.05 40.08 40.02 10.1 10.02 90.08 70.05 20.06 40.05 60.08 0.4018423647526306
19.0 45.0 67.0 61.0 25.0 36.0 40.0 55.0 23.0 101.0 76.0 61.0 68.0 80.0 22.0 52.0 66.0 32.0 92.0 29.0 64.0 110.0 20.0 32.0 37.0 26.0 38.0 21.0 51.0 26.0 23.0 85.0 11.0 14.0 71.0 56.0 71.0 98.0 201.0 80.02 90.02 80.06 60.07 70.06 90.1 80.05 70.04 50.03 80.1 10.03 100.01 10.01 30.03 20.01 60.05 50.04 90.03 30.03 10.03 40.05 50.01 40.04 40.03 10.04 70.01 10.06 10.06 30.07 30.09 50.05 30.01 50.1 100.1 100.09 30.08 70.1 100.09 40.08 50.03 10.04 80.08 80.02 20.03 40.03 40.03 50.09 40.02 20.09 40.08 30.03 50.03 40.06 40.04 10.1 10.04 90.05 70.1 20.1 40.09 60.09 0.3470334347909163
14.0 49.0 69.0 61.0 23.0 34.0 36.0 60.0 28.0 108.0 80.0 70.0 63.0 80.0 28.0 54.0 66.0 39.0 97.0 22.0 65.0 109.0 20.0 31.0 31.0 25.0 33.0 30.0 60.0 23.0 25.0 87.0 14.0 16.0 73.0 56.0 71.0 97.0 106.0 160.8 90.03 80.03 60.02 70.09 90.04 80.07 70.1 50.06 80.04 10.03 100.01 10.05 30.08 20.03 60.07 50.05 90.1 30.06 10.1 40.09 50.06 40.1 40.04 10.06 70.08 10.06 10.01 30.1 30.05 50.07 30.02 50.08 100.01 100.09 30.04 70.1 100.03 40.04 50.01 10.1 80.1 80.04 20.05 40.09 40.01 50.07 40.03 20.07 40.03 30.1 50.01 40.05 40.01 10.05 10.09 90.07 70.03 20.02 40.1 60.04 0.31437256836577254
14.0 48.0 61.0 68.0 28.0 37.0 33.0 54.0 29.0 109.0 76.0 62.0 61.0 72.0 21.0 51.0 66.0 31.0 91.0 30.0 63.0 108.0 19.0 33.0 31.0 26.0 34.0 30.0 53.0 30.0 22.0 82.0 15.0 13.0 71.0 59.0 71.0 98.0 104.0 85.0 180.9 80.09 60.05 70.03 90.04 80.1 70.02 50.03 80.09 10.07 100.02 10.01 30.09 20.07 60.04 50.03 90.09 30.1 10.04 40.02 50.04 40.04 40.03 10.02 70.1 10.06 10.09 30.06 30.01 50.04 30.02 50.08 100.08 100.1 30.01 70.01 100.06 40.08 50.02 10.09 80.07 80.1 20.1 40.03 40.1 50.07 40.08 20.02 40.05 30.01 50.07 40.1 40.1 10.03 10.03 90.05 70.06 20.09 40.09 60.04 0.6155906366518427
19.0 43.0 61.0 68.0 27.0 34.0 34.0 58.0 25.0 109.0 79.0 61.0 70.0 76.0 25.0 59.0 64.0 34.0 98.0 23.0 62.0 110.0 16.0 33.0 40.0 25.0 31.0 25.0 52.0 28.0 29.0 89.0 11.0 20.0 76.0 55.0 73.0 94.0 106.0 82.0 93.0 160.8 60.02 70.02 90.04 80.05 70.08 50.1 80.06 10.09 100.05 10.05 30.03 20.06 60.01 50.07 90.04 30.05 10.08 40.08 50.08 40.05 40.07 10.02 70.04 10.06 10.08 30.07 30.06 50.05 30.05 50.03 100.03 100.01 30.1 70.07 100.04 40.04 50.07 10.09 80.07 80.08 20.04 40.09 40.05 50.06 40.08 20.06 40.01 30.08 50.01 40.09 40.04 10.03 10.05 90.03 70.03 20.06 40.1 60.09 0.020126280445546207
20.0 45.0 66.0 65.0 29.0 40.0 35.0 51.0 28.0 107.0 71.0 64.0 67.0 75.0 21.0 59.0 62.0 40.0 99.0 23.0 68.0 105.0 15.0 37.0 32.0 22.0 38.0 28.0 60.0 27.0 25.0 87.0 12.0 15.0 71.0 53.0 79.0 98.0 101.0 84.0 97.0 86.0 120.6 70.06 90.01 80.08 70.02 50.04 80.01 10.02 100.08 10.06 30.06 20.08 60.06 50.03 90.08 30.07 10.01 40.08 50.02 40.04 40.05 10.1 70.07 10.1 10.08 30.02 30.03 50.03 30.08 50.09 100.07 100.04 30.04 70.01 100.04 40.04 50.02 10.01 80.05 80.07 20.09 40.04 40.01 50.05 40.07 20.1 40.06 30.04 50.06 40.05 40.04 10.06 10.05 90.09 70.1 20.02 40.1 60.02 0.4988665229070385
16.0 48.0 64.0 63.0 30.0 35.0 35.0 51.0 29.0 104.0 80.0 61.0 68.0 76.0 26.0 56.0 63.0 39.0 98.0 27.0 67.0 108.0 18.0 38.0 35.0 25.0 37.0 23.0 56.0 27.0 23.0 86.0 12.0 15.0 73.0 57.0 76.0 98.0 109.0 85.0 91.0 84.0 62.0 140.7 90.08 80.02 70.05 50.06 80.06 10.05 100.07 10.02 30.05 20.05 60.07 50.06 90.06 30.08 10.07 40.09 50.1 40.06 40.06 10.07 70.05 10.02 10.04 30.02 30.02 50.01 30.03 50.03 100.03 100.03 30.09 70.03 100.06 40.04 50.04 10.1 80.08 80.03 20.08 40.09 40.02 50.01 40.09 20.06 40.1 30.07 50.03 40.04 40.05 10.02 10.04 90.01 70.06 20.08 40.1 60.07 0.8869362670872455
14.0 49.0 69.0 62.0 22.0 38.0 36.0 59.0 29.0 107.0 78.0 62.0 65.0 76.0 28.0 53.0 61.0 37.0 93.0 22.0 62.0 102.0 15.0 34.0 37.0 27.0 33.0 28.0 52.0 30.0 26.0 84.0 19.0 13.0 74.0 51.0 78.0 92.0 107.0 88.0 96.0 83.0 70.0 72.0 180.9 80.04 70.01 50.06 80.1 10.06 100.09 10.01 30.08 20.06 60.09 50.01 90.05 30.1 10.04 40.04 50.05 40.03 40.05 10.1 70.05 10.01 10.05 30.1 30.08 50.08 30.01 50.01 100.02 100.08 30.02 70.06 100.01 40.08 50.03 10.07 80.03 80.03 20.04 40.06 40.08 50.05 40.01 20.01 40.02 30.1 50.07 40.01 40.05 10.03 10.03 90.03 70.08 20.1 40.08 60.07 0.939227213766917
16.0 49.0 67.0 62.0 27.0 38.0 40.0 52.0 25.0 103.0 77.0 66.0 65.0 71.0 29.0 53.0 70.0 35.0 95.0 21.0 65.0 103.0 13.0 38.0 32.0 28.0 35.0 26.0 56.0 25.0 22.0 86.0 13.0 11.0 76.0 59.0 73.0 93.0 101.0 89.0 99.0 81.0 68.0 74.0 98.0 160.8 70.06 50.06 80.09 10.06 100.1 10.06 30.03 20.08 60.04 50.03 90.02 30.05 10.07 40.04 50.04 40.01 40.07 10.05 70.1 10.02 10.03 30.09 30.02 50.05 30.05 50.02 100.05 100.02 30.1 70.03 100.07 40.09 50.06 10.09 80.02 80.02 20.03 40.09 40.04 50.08 40.04 20.01 40.08 30.07 50.06 40.06 40.09 10.1 10.09 90.05 70.06 20.08 40.04 60.09 0.4966967359518909
18.0 42.0 68.0 63.0 30.0 39.0 38.0 55.0 26.0 106.0 76.0 63.0 64.0 71.0 27.0 60.0 63.0 36.0 100.0 26.0 68.0 106.0 15.0 34.0 38.0 22.0 37.0 25.0 53.0 30.0 26.0 84.0 15.0 15.0 78.0 51.0 76.0 98.0 106.0 88.0 95.0 90.0 64.0 77.0 98.0 86.0 140.7 50.03 80.08 10.06 100.06 10.01 30.07 20.04 60.06 50.02 90.1 30.08 10.09 40.01 50.04 40.06 40.07 10.01 70.07 10.05 10.09 30.06 30.09 50.01 30.05 50.03 100.1 100.07 30.08 70.05 100.06 40.09 50.07 10.08 80.06 80.07 20.09 40.05 40.03 50.02 40.02 20.01 40.07 30.03 50.07 40.08 40.05 10.06 10.06 90.02 70.09 20.04 40.09 60.09 0.5093852938506213
13.0 41.0 62.0 65.0 25.0 37.0 36.0 56.0 21.0 103.0 73.0 68.0 65.0 72.0 28.0 59.0 68.0 40.0 92.0 22.0 67.0 106.0 17.0 35.0 38.0 29.0 31.0 25.0 57.0 30.0 29.0 82.0 14.0 14.0 77.0 51.0 79.0 96.0 109.0 89.0 100.0 90.0 69.0 79.0 94.0 90.0 79.0 100.5 80.09 10.07 100.06 10.02 30.05 20.1 60.07 50.1 90.04 30.08 10.05 40.04 50.09 40.05 40.01 10.06 70.06 10.1 10.04 30.03 30.01 50.02 30.06 50.08 100.06 100.1 30.1 70.06 100.02 40.06 50.06 10.03 80.09 80.04 20.07 40.01 40.03 50.05 40.06 20.08 40.02 30.07 50.04 40.1 40.03 10.09 10.08 90.02 70.09 20.05 40.03 60.06 0.7403314373237736
15.0 50.0 70.0 66.0 24.0 37.0 39.0 58.0 23.0 105.0 75.0 66.0 67.0 74.0 21.0 54.0 68.0 37.0 100.0 24.0 63.0 109.0 16.0 35.0 39.0 24.0 31.0 27.0 52.0 28.0 21.0 81.0 13.0 11.0 76.0 60.0 77.0 93.0 106.0 81.0 91.0 82.0 68.0 75.0 93.0 83.0 72.0 55.0 160.8 10.05 100.07 10.1 30.01 20.01 60.01 50.08 90.04 30.04 10.08 40.06 50.01 40.03 40.08 10.08 70.07 10.04 10.02 30.01 30.08 50.1 30.06 50.09 100.03 100.05 30.04 70.09 100.02 40.06 50.1 10.1 80.09 80.03 20.03 40.02 40.05 50.08 40.06 20.1 40.06 30.08 50.1 40.09 40.01 10.03 10.07 90.04 70.08 20.03 40.03 60.06 0.3387700875196339
20.0 45.0 67.0 64.0 23.0 32.0 32.0 55.0 26.0 109.0 74.0 65.0 69.0 79.0 23.0 51.0 70.0 34.0 100.0 27.0 69.0 109.0 15.0 31.0 31.0 29.0 32.0 26.0 54.0 24.0 30.0 82.0 15.0 12.0 74.0 59.0 74.0 94.0 105.0 90.0 99.0 88.0 62.0 73.0 98.0 86.0 74.0 60.0 84.0 20.1 100.01 10.01 30.09 20.1 60.07 50.01 90.06 30.07 10.02 40.01 50.05 40.1 40.08 10.06 70.07 10.1 10.1 30.02 30.09 50.01 30.09 50.02 100.06 100.06 30.02 70.03 100.09 40.01 50.05 10.07 80.05 80.02 20.06 40.02 40.05 50.01 40.06 20.09 40.05 30.06 50.04 40.01 40.01 10.08 10.1 90.09 70.05 20.02 40.06 60.01 0.8078453226330936
15.0 47.0 68.0 61.0 25.0 39.0 38.0 58.0 27.0 107.0 80.0 69.0 65.0 72.0 29.0 56.0 64.0 31.0 92.0 23.0 65.0 108.0 14.0 39.0 31.0 26.0 40.0 27.0 58.0 29.0 23.0 87.0 18.0 11.0 75.0 60.0 80.0 98.0 104.0 85.0 96.0 87.0 62.0 76.0 94.0 89.0 73.0 55.0 87.0 16.0 201.0 10.06 30.02 20.07 60.09 50.06 90.02 30.05 10.1 40.06 50.09 40.02 40.01 10.01 70.1 10.04 10.03 30.09 30.07 50.09 30.04 50.1 100.01 100.1 30.06 70.1 100.02 40.07 50.03 10.02 80.1 80.09 20.1 40.07 40.01 50.06 40.03 20.08 40.06 30.01 50.01 40.08 40.09 10.05 10.07 90.05 70.06 20.02 40.01 60.08 0.4171431997103321
17.0 45.0 64.0 69.0 21.0 34.0 37.0 55.0 24.0 108.0 75.0 61.0 70.0 80.0 29.0 56.0 68.0 39.0 94.0 21.0 63.0 108.0 12.0 38.0 35.0 22.0 36.0 27.0 58.0 21.0 28.0 87.0 14.0 16.0 74.0 57.0 78.0 98.0 105.0 81.0 99.0 88.0 68.0 75.0 99.0 87.0 76.0 58.0 82.0 20.0 103.0 20.1 30.06 20.06 60.1 50.07 90.06 30.04 10.08 40.1 50.05 40.06 40.04 10.04 70.09 10.01 10.08 30.1 30.04 50.03 30.04 50.05 100.06 100.08 30.07 70.09 100.03 40.07 50.01 10.03 80.1 80.03 20.09 40.04 40.07 50.01 40.09 20.01 40.1 30.01 50.05 40.08 40.04 10.04 10.08 90.07 70.09 20.06 40.03 60.03 0.11964338240376193
17.0 44.0 67.0 67.0 28.0 33.0 36.0 57.0 27.0 101.0 75.0 69.0 63.0 75.0 24.0 56.0 63.0 32.0 97.0 22.0 68.0 105.0 20.0 40.0 40.0 28.0 38.0 24.0 55.0 23.0 24.0 82.0 19.0 18.0 72.0 60.0 76.0 99.0 104.0 83.0 95.0 90.0 68.0 80.0 92.0 83.0 76.0 51.0 89.0 12.0 105.0 16.0 60.3 20.01 60.04 50.07 90.07 30.05 10.07 40.07 50.07 40.06 40.06 10.04 70.03 10.08 10.07 30.1 30.06 50.09 30.05 50.1 100.05 100.1 30.02 70.1 100.06 40.05 50.01 10.01 80.09 80.09 20.07 40.04 40.05 50.02 40.1 20.08 40.02 30.01 50.04 40.03 40.09 10.06 10.03 90.02 70.1 20.06 40.1 60.03 0.0264571498793732
17.0 43.0 62.0 68.0 24.0 38.0 31.0 52.0 26.0 108.0 80.0 61.0 69.0 79.0 24.0 60.0 68.0 34.0 92.0 28.0 64.0 110.0 15.0 32.0 36.0 25.0 40.0 24.0 60.0 30.0 24.0 90.0 20.0 13.0 77.0 60.0 75.0 92.0 105.0 81.0 100.0 82.0 66.0 76.0 98.0 89.0 76.0 55.0 88.0 16.0 102.0 11.0 39.0 40.2 60.06 50.1 90.05 30.08 10.01 40.03 50.04 40.07 40.03 10.09 70.08 10.1 10.05 30.02 30.04 50.01 30.09 50.06 100.06 100.1 30.03 70.08 100.09 40.03 50.05 10.05 80.01 80.07 20.01 40.07 40.1 50.03 40.07 20.02 40.07 30.09 50.03 40.09 40.04 10.1 10.09 90.02 70.01 20.07 40.02 60.1 0.6739689462606161
11.0 42.0 64.0 68.0 28.0 37.0 32.0 53.0 23.0 110.0 80.0 64.0 62.0 80.0 25.0 59.0 66.0 33.0 95.0 26.0 66.0 104.0 16.0 38.0 40.0 26.0 35.0 21.0 55.0 27.0 24.0 81.0 17.0 12.0 71.0 56.0 78.0 97.0 107.0 84.0 96.0 87.0 68.0 71.0 91.0 85.0 75.0 58.0 81.0 18.0 107.0 17.0 38.0 22.0 120.6 50.01 90.1 30.08 10.1 40.03 50.01 40.04 40.07 10.08 70.04 10.01 10.02 30.04 30.05 50.04 30.08 50.09 100.04 100.09 30.03 70.07 100.05 40.02 50.06 10.04 80.1 80.07 20.03 40.03 40.03 50.02 40.07 20.08 40.05 30.01 50.09 40.01 40.01 10.04 10.07 90.02 70.09 20.1 40.03 60.05 0.3139042672540411
14.0 44.0 64.0 70.0 29.0 33.0 32.0 53.0 26.0 106.0 79.0 70.0 63.0 74.0 30.0 51.0 65.0 35.0 96.0 25.0 69.0 107.0 13.0 31.0 33.0 23.0 35.0 25.0 53.0 21.0 28.0 81.0 17.0 20.0 76.0 57.0 78.0 97.0 101.0 83.0 92.0 87.0 61.0 76.0 93.0 89.0 72.0 59.0 90.0 14.0 101.0 15.0 37.0 24.0 68.0 100.5 90.04 30.01 10.01 40.03 50.05 40.04 40.09 10.04 70.1 10.05 10.03 30.08 30.06 50.03 30.05 50.02 100.07 100.09 30.09 70.03 100.1 40.08 50.09 10.05 80.1 80.05 20.03 40.06 40.01 50.09 40.09 20.05 40.05 30.1 50.01 40.03 40.08 10.1 10.07 90.05 70.09 20.09 40.1 60.04 0.44553113257889765
17.0 47.0 66.0 62.0 21.0 39.0 35.0 58.0 25.0 101.0 74.0 66.0 68.0 75.0 29.0 55.0 63.0 31.0 91.0 22.0 67.0 109.0 11.0 38.0 36.0 21.0 36.0 27.0 55.0 23.0 29.0 83.0 20.0 20.0 75.0 57.0 72.0 94.0 109.0 86.0 94.0 81.0 67.0 73.0 95.0 83.0 72.0 58.0 84.0 19.0 104.0 20.0 40.0 25.0 63.0 58.0 180.9 30.09 10.06 40.09 50.1 40.02 40.04 10.01 70.04 10.1 10.1 30.09 30.08 50.08 30.09 50.05 100.06 100.07 30.08 70.05 100.01 40.03 50.04 10.09 80.04 80.04 20.03 40.1 40.07 50.1 40.06 20.08 40.01 30.02 50.07 40.05 40.03 10.09 10.04 90.09 70.09 20.08 40.08 60.04 0.45353052225686474
12.0 47.0 70.0 70.0 22.0 32.0 32.0 57.0 23.0 106.0 79.0 65.0 63.0 74.0 26.0 60.0 62.0 35.0 92.0 28.0 70.0 110.0 18.0 34.0 35.0 29.0 36.0 23.0 56.0 27.0 22.0 84.0 15.0 20.0 72.0 52.0 79.0 96.0 103.0 86.0 96.0 81.0 61.0 74.0 93.0 90.0 79.0 54.0 87.0 15.0 108.0 15.0 34.0 24.0 66.0 58.0 100.0 60.3 10.05 40.04 50.06 40.09 40.05 10.05 70.01 10.02 10.06 30.08 30.02 50.09 30.06 50.04 100.01 100.01 30.03 70.04 100.1 40.1 50.07 10.09 80.08 80.1 20.07 40.06 40.07 50.06 40.05 20.05 40.05 30.08 50.09 40.07 40.07 10.02 10.1 90.07 70.06 20.08 40.07 60.08 0.3877533499971959
14.0 41.0 64.0 68.0 24.0 38.0 36.0 51.0 30.0 102.0 72.0 62.0 66.0 80.0 22.0 56.0 69.0 36.0 93.0 25.0 70.0 101.0 18.0 35.0 35.0 26.0 38.0 27.0 52.0 21.0 22.0 87.0 15.0 18.0 80.0 53.0 71.0 96.0 110.0 82.0 98.0 90.0 64.0 74.0 96.0 88.0 78.0 60.0 85.0 16.0 106.0 20.0 35.0 30.0 63.0 54.0 92.0 39.0 20.1 40.1 50.06 40.02 40.01 10.06 70.07 10.02 10.01 30.06 30.02 50.03 30.08 50.02 100.01 100.08 30.01 70.05 100.06 40.05 50.03 10.02 80.04 80.04 20.02 40.09 40.02 50.05 40.02 20.01 40.01 30.01 50.03 40.1 40.06 10.01 10.05 90.06 70.03 20.1 40.04 60.09 0.35191868930984604
14.0 43.0 62.0 66.0 22.0 40.0 33.0 58.0 24.0 107.0 77.0 67.0 69.0 78.0 24.0 58.0 61.0 32.0 91.0 24.0 63.0 108.0 12.0 32.0 36.0 27.0 33.0 23.0 59.0 28.0 27.0 81.0 15.0 20.0 80.0 60.0 77.0 99.0 105.0 86.0 91.0 86.0 62.0 80.0 97.0 84.0 80.0 56.0 89.0 19.0 108.0 16.0 31.0 21.0 65.0 59.0 93.0 40.0 12.0 80.4 50.06 40.05 40.06 10.07 70.05 10.07 10.05 30.08 30.09 50.09 30.08 50.09 100.09 100.07 30.1 70.07 100.06 40.05 50.07 10.02 80.08 80.05 20.09 40.08 40.03 50.02 40.01 20.06 40.01 30.07 50.07 40.01 40.03 10.09 10.04 90.04 70.08 20.07 40.08 60.01 0.46710971174627636
16.0 49.0 61.0 64.0 29.0 34.0 37.0 54.0 23.0 108.0 80.0 68.0 68.0 79.0 29.0 56.0 67.0 33.0 94.0 22.0 67.0 103.0 17.0 34.0 31.0 22.0 32.0 21.0 53.0 29.0 21.0 84.0 19.0 12.0 80.0 57.0 75.0 95.0 109.0 81.0 93.0 85.0 63.0 78.0 93.0 88.0 80.0 52.0 87.0 14.0 109.0 17.0 34.0 29.0 61.0 52.0 97.0 35.0 18.0 48.0 100.5 40.08 40.07 10.07 70.01 10.07 10.08 30.05 30.1 50.08 30.02 50.08 100.05 100.04 30.05 70.01 100.09 40.05 50.01 10.01 80.01 80.08 20.01 40.07 40.03 50.02 40.02 20.08 40.06 30.05 50.02 40.09 40.05 10.09 10.03 90.1 70.05 20.08 40.03 60.01 0.5271346999196773
17.0 41.0 67.0 63.0 21.0 34.0 31.0 56.0 25.0 107.0 78.0 68.0 63.0 73.0 29.0 52.0 64.0 40.0 95.0 30.0 70.0 104.0 11.0 33.0 32.0 22.0 39.0 25.0 51.0 29.0 27.0 88.0 16.0 17.0 75.0 51.0 79.0 99.0 105.0 84.0 93.0 81.0 68.0 77.0 94.0 89.0 79.0 53.0 83.0 11.0 105.0 14.0 38.0 25.0 67.0 56.0 96.0 34.0 17.0 46.0 60.0 80.4 40.02 10.09 70.03 10.03 10.04 30.08 30.02 50.06 30.09 50.09 100.01 100.08 30.03 70.04 100.09 40.08 50.08 10.09 80.1 80.01 20.05 40.03 40.04 50.04 40.1 20.05 40.02 30.05 50.04 40.06 40.09 10.03 10.08 90.07 70.1 20.08 40.08 60.01 0.4409267509833452
12.0 46.0 67.0 68.0 29.0 32.0 38.0 52.0 22.0 105.0 76.0 64.0 62.0 80.0 23.0 56.0 65.0 36.0 92.0 30.0 64.0 103.0 12.0 31.0 34.0 30.0 35.0 23.0 51.0 29.0 24.0 88.0 15.0 15.0 75.0 57.0 79.0 98.0 103.0 90.0 98.0 90.0 69.0 77.0 100.0 86.0 78.0 53.0 83.0 12.0 109.0 12.0 32.0 30.0 67.0 52.0 93.0 39.0 16.0 46.0 56.0 41.0 80.4 10.06 70.08 10.06 10.01 30.07 30.04 50.1 30.01 50.05 100.08 100.06 30.03 70.06 100.1 40.03 50.05 10.02 80.05 80.08 20.09 40.01 40.03 50.06 40.07 20.02 40.01 30.02 50.08 40.07 40.07 10.05 10.05 90.06 70.1 20.03 40.04 60.06 0.3222523534618059
11.0 48.0 64.0 69.0 26.0 34.0 40.0 51.0 24.0 108.0 74.0 63.0 67.0 77.0 26.0 55.0 64.0 37.0 98.0 25.0 63.0 102.0 20.0 31.0 32.0 29.0 32.0 22.0 57.0 27.0 25.0 82.0 16.0 18.0 77.0 53.0 79.0 92.0 102.0 81.0 91.0 83.0 64.0 78.0 98.0 81.0 75.0 55.0 90.0 12.0 108.0 19.0 38.0 28.0 62.0 52.0 96.0 38.0 12.0 46.0 57.0 41.0 43.0 20.1 70.06 10.08 10.09 30.09 30.01 50.1 30.02 50.01 100.07 100.07 30.02 70.01 100.06 40.06 50.1 10.1 80.08 80.07 20.01 40.1 40.08 50.1 40.02 20.08 40.03 30.07 50.02 40.05 40.03 10.01 10.05 90.02 70.07 20.01 40.02 60.1 0.4806650631911119
20.0 48.0 61.0 65.0 30.0 31.0 37.0 60.0 22.0 103.0 80.0 66.0 69.0 80.0 24.0 53.0 61.0 31.0 93.0 22.0 66.0 103.0 11.0 31.0 34.0 29.0 40.0 27.0 60.0 24.0 30.0 90.0 19.0 20.0 80.0 55.0 74.0 95.0 101.0 89.0 96.0 87.0 64.0 72.0 94.0 82.0 75.0 57.0 85.0 16.0 102.0 20.0 38.0 23.0 66.0 55.0 94.0 33.0 14.0 41.0 60.0 41.0 41.0 18.0 140.7 10.09 10.08 30.09 30.1 50.09 30.01 50.02 100.1 100.02 30.1 70.08 100.1 40.02 50.1 10.01 80.08 80.04 20.09 40.09 40.04 50.03 40.06 20.04 40.04 30.01 50.05 40.02 40.06 10.02 10.1 90.04 70.1 20.02 40.07 60.03 0.3764606631417188
14.0 45.0 69.0 62.0 24.0 35.0 38.0 57.0 30.0 106.0 73.0 66.0 68.0 76.0 23.0 60.0 63.0 32.0 99.0 21.0 70.0 102.0 16.0 35.0 34.0 22.0 35.0 22.0 57.0 27.0 25.0 83.0 15.0 11.0 79.0 56.0 73.0 98.0 107.0 81.0 93.0 84.0 66.0 73.0 93.0 84.0 80.0 57.0 89.0 17.0 103.0 19.0 35.0 24.0 64.0 57.0 91.0 32.0 16.0 47.0 53.0 42.0 42.0 12.0 80.0 20.1 10.05 30.08 30.08 50.04 30.06 50.08 100.07 100.03 30.03 70.01 100.03 40.06 50.1 10.1 80.07 80.04 20.04 40.03 40.01 50.05 40.06 20.1 40.03 30.06 50.04 40.1 40.1 10.08 10.05 90.02 70.1 20.1 40.08 60.05 0.27867689134583074
17.0 50.0 66.0 64.0 28.0 32.0 32.0 52.0 23.0 107.0 71.0 66.0 62.0 72.0 23.0 56.0 70.0 31.0 94.0 23.0 64.0 108.0 15.0 32.0 38.0 22.0 40.0 30.0 54.0 27.0 21.0 86.0 17.0 20.0 80.0 51.0 80.0 100.0 107.0 89.0 95.0 81.0 62.0 74.0 94.0 83.0 71.0 52.0 90.0 11.0 102.0 11.0 40.0 25.0 64.0 58.0 96.0 33.0 12.0 47.0 60.0 48.0 42.0 16.0 80.0 16.0 20.1 30.02 30.03 50.06 30.03 50.1 100.07 100.05 30.04 70.06 100.06 40.01 50.03 10.09 80.07 80.04 20.03 40.02 40.05 50.04 40.06 20.08 40.03 30.03 50.06 40.08 40.06 10.03 10.07 90.01 70.09 20.05 40.01 60.1 0.5180615743591674
12.0 48.0 67.0 61.0 21.0 32.0 40.0 52.0 23.0 109.0 71.0 69.0 67.0 77.0 23.0 58.0 65.0 40.0 92.0 24.0 66.0 109.0 15.0 38.0 36.0 26.0 33.0 25.0 51.0 22.0 22.0 87.0 11.0 17.0 75.0 60.0 80.0 93.0 108.0 84.0 99.0 82.0 70.0 77.0 96.0 85.0 79.0 52.0 81.0 20.0 102.0 19.0 32.0 22.0 62.0 51.0 91.0 39.0 14.0 47.0 55.0 50.0 41.0 11.0 76.0 11.0 11.0 60.3 30.06 50.01 30.05 50.04 100.09 100.04 30.05 70.04 100.08 40.08 50.04 10.07 80.09 80.1 20.03 40.03 40.07 50.04 40.03 20.01 40.03 30.1 50.1 40.1 40.1 10.01 10.02 90.07 70.06 20.09 40.03 60.03 0.731136436557229
17.0 46.0 70.0 66.0 21.0 33.0 34.0 56.0 21.0 105.0 76.0 63.0 64.0 72.0 28.0 54.0 62.0 32.0 98.0 25.0 70.0 103.0 12.0 32.0 35.0 23.0 39.0 27.0 52.0 23.0 24.0 83.0 14.0 16.0 76.0 53.0 74.0 96.0 102.0 81.0 100.0 89.0 63.0 80.0 96.0 81.0 77.0 57.0 87.0 11.0 107.0 12.0 40.0 24.0 66.0 55.0 93.0 37.0 17.0 45.0 51.0 44.0 44.0 13.0 73.0 15.0 17.0 31.0 60.3 50.03 30.09 50.06 100.05 100.04 30.02 70.08 100.09 40.1 50.1 10.1 80.03 80.03 20.02 40.03 40.07 50.1 40.05 20.01 40.06 30.09 50.09 40.05 40.08 10.04 10.1 90.04 70.04 20.03 40.1 60.01 0.96154470246106
20.0 43.0 67.0 69.0 27.0 37.0 33.0 51.0 21.0 110.0 71.0 69.0 63.0 78.0 26.0 57.0 66.0 36.0 93.0 29.0 66.0 108.0 11.0 38.0 40.0 26.0 32.0 27.0 60.0 23.0 28.0 89.0 13.0 13.0 72.0 58.0 77.0 93.0 109.0 87.0 94.0 88.0 70.0 80.0 99.0 84.0 80.0 51.0 90.0 19.0 106.0 16.0 33.0 23.0 69.0 59.0 93.0 34.0 13.0 48.0 58.0 42.0 42.0 15.0 75.0 19.0 13.0 33.0 33.0 100.5 30.01 50.07 100.07 100.09 30.03 70.1 100.09 40.04 50.06 10.1 80.08 80.04 20.03 40.07 40.08 50.05 40.09 20.01 40.1 30.06 50.03 40.08 40.08 10.02 10.03 90.08 70.04 20.02 40.05 60.05 0.37944446940139265
12.0 43.0 65.0 65.0 29.0 40.0 34.0 55.0 22.0 108.0 78.0 70.0 68.0 75.0 27.0 55.0 61.0 34.0 98.0 25.0 64.0 102.0 15.0 40.0 34.0 25.0 31.0 28.0 51.0 30.0 25.0 83.0 14.0 16.0 75.0 52.0 77.0 100.0 104.0 83.0 96.0 82.0 65.0 77.0 95.0 85.0 72.0 58.0 90.0 14.0 110.0 19.0 36.0 29.0 66.0 52.0 92.0 34.0 13.0 46.0 58.0 48.0 45.0 13.0 79.0 13.0 15.0 39.0 36.0 54.0 60.3 50.05 100.1 100.09 30.07 70.07 100.02 40.07 50.04 10.02 80.08 80.04 20.1 40.03 40.05 50.1 40.06 20.02 40.05 30.04 50.06 40.1 40.09 10.08 10.03 90.06 70.1 20.04 40.02 60.05 0.4344785828281451
12.0 46.0 67.0 67.0 23.0 33.0 32.0 60.0 30.0 101.0 76.0 69.0 64.0 73.0 24.0 53.0 67.0 31.0 93.0 29.0 61.0 110.0 20.0 38.0 38.0 27.0 39.0 27.0 55.0 25.0 27.0 84.0 15.0 20.0 74.0 51.0 75.0 91.0 110.0 87.0 91.0 82.0 62.0 74.0 93.0 86.0 80.0 52.0 88.0 19.0 109.0 16.0 39.0 27.0 70.0 59.0 100.0 35.0 17.0 48.0 60.0 45.0 50.0 14.0 79.0 16.0 12.0 32.0 36.0 59.0 37.0 100.5 100.09 100.08 30.03 70.08 100.07 40.05 50.08 10.08 80.01 80.09 20.02 40.03 40.05 50.01 40.05 20.09 40.03 30.04 50.02 40.06 40.02 10.02 10.03 90.06 70.09 20.05 40.03 60.04 0.5037328512096894
14.0 47.0 68.0 63.0 21.0 36.0 36.0 58.0 22.0 101.0 75.0 65.0 67.0 77.0 24.0 51.0 68.0 38.0 96.0 27.0 66.0 103.0 15.0 32.0 31.0 25.0 36.0 28.0 60.0 26.0 29.0 82.0 16.0 11.0 74.0 51.0 72.0 96.0 105.0 83.0 91.0 83.0 68.0 75.0 93.0 87.0 75.0 60.0 82.0 14.0 109.0 12.0 34.0 28.0 69.0 55.0 95.0 40.0 18.0 49.0 57.0 50.0 41.0 11.0 77.0 14.0 13.0 32.0 35.0 52.0 37.0 55.0 201.0 100.06 30.08 70.06 100.01 40.03 50.03 10.02 80.1 80.03 20.09 40.04 40.04 50.03 40.09 20.09 40.01 30.06 50.01 40.07 40.02 10.02 10.1 90.04 70.08 20.09 40.03 60.03 0.7305170976859535
15.0 42.0 65.0 63.0 23.0 38.0 36.0 59.0 21.0 109.0 78.0 67.0 64.0 73.0 22.0 59.0 62.0 40.0 97.0 30.0 68.0 103.0 20.0 33.0 34.0 22.0 37.0 26.0 60.0 27.0 21.0 84.0 13.0 19.0 75.0 54.0 72.0 93.0 105.0 90.0 95.0 81.0 62.0 78.0 92.0 85.0 74.0 58.0 85.0 11.0 110.0 18.0 32.0 24.0 67.0 55.0 98.0 32.0 16.0 42.0 55.0 47.0 41.0 12.0 77.0 12.0 16.0 32.0 31.0 57.0 37.0 57.0 103.0 201.0 30.03 70.1 100.04 40.03 50.08 10.05 80.01 80.06 20.08 40.1 40.08 50.04 40.09 20.09 40.02 30.02 50.01 40.05 40.1 10.01 10.03 90.04 70.03 20.04 40.07 60.07 0.8152907797681571
11.0 50.0 70.0 63.0 26.0 31.0 32.0 60.0 26.0 104.0 75.0 68.0 64.0 77.0 25.0 56.0 70.0 36.0 92.0 26.0 66.0 102.0 19.0 40.0 39.0 25.0 40.0 29.0 51.0 27.0 23.0 89.0 15.0 14.0 77.0 55.0 78.0 99.0 110.0 88.0 95.0 84.0 67.0 78.0 98.0 86.0 72.0 54.0 83.0 13.0 106.0 13.0 40.0 22.0 67.0 52.0 94.0 36.0 18.0 47.0 52.0 46.0 43.0 16.0 72.0 11.0 12.0 31.0 37.0 51.0 32.0 53.0 110.0 110.0 60.3 70.07 100.02 40.02 50.08 10.08 80.02 80.08 20.06 40.07 40.06 50.09 40.01 20.03 40.08 30.09 50.03 40.01 40.03 10.08 10.03 90.05 70.09 20.1 40.05 60.09 0.5760000840233831
15.0 44.0 70.0 65.0 30.0 33.0 31.0 52.0 23.0 102.0 78.0 69.0 66.0 75.0 27.0 56.0 70.0 38.0 97.0 23.0 65.0 107.0 13.0 39.0 39.0 30.0 34.0 24.0 58.0 26.0 22.0 86.0 11.0 11.0 71.0 52.0 78.0 99.0 109.0 90.0 92.0 86.0 67.0 73.0 91.0 85.0 72.0 59.0 84.0 19.0 103.0 17.0 39.0 29.0 61.0 56.0 95.0 35.0 12.0 45.0 54.0 48.0 48.0 11.0 80.0 11.0 13.0 40.0 33.0 58.0 35.0 54.0 110.0 106.0 34.0 140.7 100.01 40.04 50.06 10.08 80.06 80.02 20.07 40.02 40.08 50.04 40.09 20.08 40.07 30.09 50.1 40.01 40.04 10.04 10.02 90.02 70.07 20.02 40.04 60.07 0.7071414623949478
17.0 48.0 66.0 68.0 25.0 38.0 39.0 54.0 29.0 104.0 76.0 69.0 64.0 80.0 24.0 56.0 67.0 40.0 98.0 27.0 64.0 107.0 11.0 40.0 33.0 25.0 33.0 23.0 60.0 21.0 24.0 84.0 18.0 11.0 72.0 60.0 74.0 97.0 101.0 87.0 100.0 89.0 62.0 74.0 96.0 85.0 76.0 59.0 86.0 19.0 104.0 14.0 32.0 30.0 66.0 53.0 91.0 33.0 13.0 42.0 56.0 44.0 42.0 20.0 80.0 12.0 12.0 35.0 40.0 52.0 31.0 55.0 102.0 106.0 39.0 74.0 201.0 40.07 50.1 10.01 80.07 80.04 20.09 40.1 40.02 50.08 40.07 20.02 40.1 30.09 50.08 40.06 40.09 10.02 10.1 90.09 70.01 20.04 40.09 60.01 0.03796721235903644
12.0 45.0 67.0 64.0 26.0 33.0 34.0 52.0 27.0 107.0 73.0 69.0 66.0 76.0 23.0 54.0 70.0 37.0 97.0 28.0 70.0 106.0 16.0 32.0 40.0 28.0 33.0 23.0 58.0 23.0 22.0 88.0 18.0 20.0 72.0 56.0 80.0 92.0 103.0 89.0 94.0 86.0 68.0 72.0 91.0 85.0 78.0 57.0 83.0 16.0 107.0 15.0 40.0 22.0 63.0 53.0 96.0 36.0 19.0 44.0 58.0 43.0 43.0 19.0 80.0 16.0 13.0 34.0 33.0 57.0 38.0 51.0 109.0 102.0 34.0 75.0 109.0 80.4 50.05 10.01 80.01 80.03 20.07 40.09 40.01 50.1 40.09 20.04 40.07 30.08 50.05 40.01 40.07 10.08 10.02 90.02 70.08 20.02 40.04 60.09 0.49634898209292755
13.0 50.0 67.0 64.0 27.0 32.0 36.0 59.0 27.0 109.0 77.0 64.0 64.0 74.0 21.0 55.0 70.0 32.0 100.0 21.0 69.0 107.0 14.0 37.0 38.0 28.0 34.0 29.0 57.0 30.0 23.0 82.0 13.0 15.0 74.0 54.0 73.0 91.0 106.0 89.0 91.0 89.0 62.0 80.0 91.0 87.0 72.0 52.0 87.0 11.0 103.0 13.0 40.0 23.0 64.0 53.0 93.0 32.0 11.0 41.0 59.0 41.0 48.0 16.0 71.0 15.0 15.0 34.0 37.0 51.0 40.0 52.0 108.0 102.0 33.0 78.0 109.0 41.0 100.5 10.07 80.09 80.08 20.05 40.01 40.09 50.02 40.03 20.06 40.05 30.04 50.06 40.06 40.09 10.06 10.01 90.05 70.07 20.05 40.05 60.02 0.4046220633490837
14.0 50.0 66.0 61.0 25.0 32.0 31.0 55.0 24.0 104.0 80.0 68.0 68.0 77.0 28.0 54.0 67.0 35.0 92.0 28.0 68.0 102.0 17.0 40.0 38.0 28.0 40.0 21.0 58.0 26.0 26.0 84.0 15.0 13.0 73.0 59.0 80.0 95.0 105.0 84.0 94.0 87.0 61.0 74.0 100.0 84.0 74.0 57.0 84.0 19.0 107.0 14.0 33.0 29.0 69.0 51.0 99.0 39.0 11.0 49.0 54.0 47.0 46.0 17.0 79.0 14.0 20.0 37.0 40.0 58.0 37.0 53.0 101.0 108.0 38.0 77.0 110.0 49.0 57.0 20.1 80.09 80.06 20.08 40.1 40.02 50.1 40.03 20.03 40.05 30.05 50.01 40.05 40.04 10.01 10.08 90.01 70.06 20.05 40.08 60.01 0.03360138607924812
18.0 44.0 65.0 67.0 22.0 38.0 32.0 55.0 22.0 106.0 72.0 61.0 62.0 76.0 25.0 58.0 66.0 35.0 96.0 21.0 70.0 106.0 11.0 38.0 38.0 26.0 35.0 25.0 55.0 29.0 30.0 86.0 16.0 11.0 72.0 58.0 76.0 95.0 106.0 89.0 96.0 83.0 64.0 73.0 100.0 81.0 80.0 53.0 88.0 11.0 106.0 20.0 40.0 22.0 64.0 54.0 94.0 35.0 13.0 46.0 55.0 48.0 50.0 18.0 78.0 11.0 11.0 40.0 33.0 57.0 31.0 53.0 110.0 108.0 34.0 80.0 105.0 47.0 55.0 16.0 160.8 80.01 20.02 40.03 40.03 50.05 40.01 20.06 40.08 30.09 50.06 40.08 40.01 10.02 10.01 90.09 70.02 20.05 40.03 60.03 0.7096460114148426
14.0 50.0 67.0 66.0 27.0 39.0 31.0 59.0 24.0 101.0 77.0 61.0 63.0 79.0 27.0 60.0 66.0 40.0 98.0 27.0 67.0 103.0 18.0 35.0 39.0 25.0 38.0 25.0 54.0 26.0 27.0 83.0 19.0 13.0 71.0 58.0 72.0 100.0 108.0 81.0 92.0 81.0 64.0 77.0 94.0 90.0 71.0 60.0 88.0 14.0 108.0 13.0 34.0 26.0 70.0 54.0 96.0 35.0 14.0 50.0 56.0 48.0 46.0 18.0 71.0 11.0 12.0 32.0 38.0 53.0 31.0 57.0 102.0 103.0 39.0 75.0 108.0 47.0 57.0 20.0 90.0 160.8 20.05 40.07 40.04 50.06 40.07 20.01 40.09 30.09 50.04 40.05 40.02 10.02 10.01 90.1 70.03 20.08 40.04 60.02 0.8381467903841759
17.0 43.0 67.0 61.0 24.0 31.0 34.0 54.0 22.0 108.0 77.0 68.0 69.0 71.0 28.0 57.0 62.0 33.0 91.0 24.0 69.0 110.0 18.0 33.0 33.0 24.0 38.0 29.0 58.0 29.0 30.0 85.0 18.0 18.0 80.0 56.0 80.0 92.0 107.0 90.0 94.0 88.0 66.0 77.0 92.0 88.0 78.0 51.0 87.0 15.0 110.0 16.0 39.0 26.0 62.0 56.0 93.0 35.0 16.0 41.0 55.0 42.0 48.0 18.0 78.0 12.0 17.0 36.0 35.0 57.0 35.0 53.0 109.0 107.0 40.0 77.0 105.0 46.0 59.0 13.0 84.0 88.0 40.2 40.08 40.08 50.01 40.09 20.06 40.04 30.03 50.04 40.07 40.04 10.01 10.08 90.06 70.09 20.09 40.05 60.1 0.9597056830901306
11.0 43.0 67.0 63.0 28.0 38.0 34.0 59.0 30.0 105.0 71.0 63.0 66.0 75.0 28.0 51.0 65.0 37.0 91.0 23.0 65.0 103.0 13.0 34.0 34.0 30.0 36.0 28.0 56.0 29.0 23.0 82.0 12.0 14.0 73.0 55.0 75.0 93.0 102.0 81.0 95.0 82.0 62.0 75.0 93.0 82.0 75.0 53.0 86.0 11.0 110.0 19.0 32.0 24.0 67.0 57.0 92.0 35.0 11.0 41.0 52.0 49.0 47.0 19.0 77.0 12.0 15.0 40.0 34.0 53.0 38.0 51.0 102.0 104.0 40.0 79.0 109.0 50.0 53.0 14.0 85.0 82.0 29.0 80.4 40.02 50.1 40.09 20.01 40.03 30.05 50.09 40.02 40.1 10.07 10.07 90.05 70.09 20.07 40.02 60.07 0.4991316771317539
12.0 49.0 61.0 64.0 25.0 37.0 37.0 59.0 30.0 101.0 75.0 70.0 66.0 77.0 27.0 57.0 64.0 32.0 100.0 26.0 66.0 105.0 15.0 35.0 39.0 28.0 36.0 26.0 58.0 21.0 24.0 87.0 13.0 18.0 76.0 59.0 73.0 97.0 107.0 83.0 91.0 83.0 63.0 80.0 97.0 83.0 77.0 51.0 89.0 15.0 108.0 14.0 38.0 22.0 61.0 51.0 96.0 40.0 16.0 44.0 57.0 41.0 47.0 11.0 80.0 16.0 18.0 33.0 34.0 58.0 32.0 57.0 105.0 103.0 39.0 75.0 110.0 41.0 54.0 14.0 82.0 82.0 23.0 47.0 80.4 50.06 40.05 20.02 40.1 30.07 50.05 40.08 40.09 10.01 10.02 90.1 70.04 20.03 40.04 60.08 0.890331811007148
19.0 47.0 68.0 68.0 24.0 32.0 36.0 55.0 22.0 104.0 72.0 69.0 65.0 75.0 25.0 52.0 69.0 31.0 95.0 22.0 63.0 107.0 14.0 33.0 36.0 30.0 32.0 23.0 54.0 21.0 22.0 83.0 11.0 18.0 76.0 59.0 72.0 92.0 108.0 86.0 94.0 90.0 63.0 79.0 91.0 86.0 76.0 56.0 83.0 15.0 103.0 13.0 32.0 27.0 68.0 51.0 98.0 40.0 19.0 42.0 57.0 47.0 41.0 19.0 77.0 15.0 20.0 39.0 32.0 52.0 38.0 55.0 104.0 101.0 34.0 76.0 108.0 46.0 59.0 14.0 83.0 81.0 22.0 43.0 46.0 100.5 40.08 20.09 40.07 30.07 50.09 40.08 40.07 10.05 10.01 90.02 70.07 20.1 40.01 60.06 0.1498058575740958
20.0 46.0 68.0 67.0 23.0 38.0 40.0 52.0 29.0 109.0 72.0 64.0 61.0 73.0 24.0 59.0 62.0 37.0 94.0 28.0 66.0 104.0 12.0 37.0 33.0 22.0 40.0 21.0 59.0 30.0 27.0 82.0 19.0 13.0 71.0 57.0 79.0 100.0 104.0 84.0 100.0 86.0 64.0 79.0 95.0 85.0 71.0 60.0 84.0 17.0 110.0 11.0 34.0 25.0 66.0 52.0 95.0 34.0 14.0 47.0 55.0 43.0 45.0 14.0 76.0 12.0 18.0 32.0 31.0 57.0 34.0 51.0 102.0 104.0 33.0 76.0 109.0 43.0 51.0 19.0 86.0 83.0 30.0 50.0 44.0 57.0 80.4 20.07 40.01 30.08 50.06 40.04 40.06 10.08 10.01 90.04 70.09 20.05 40.03 60.02 0.6753645601453088
15.0 43.0 68.0 66.0 27.0 33.0 40.0 54.0 25.0 104.0 79.0 67.0 62.0 71.0 25.0 51.0 66.0 36.0 97.0 27.0 68.0 105.0 18.0 35.0 32.0 22.0 40.0 29.0 52.0 24.0 24.0 85.0 15.0 13.0 78.0 55.0 73.0 96.0 108.0 84.0 95.0 82.0 69.0 79.0 96.0 88.0 79.0 57.0 88.0 17.0 108.0 17.0 32.0 21.0 69.0 54.0 96.0 32.0 11.0 41.0 57.0 45.0 41.0 13.0 80.0 15.0 11.0 35.0 33.0 52.0 38.0 60.0 110.0 107.0 36.0 77.0 104.0 43.0 58.0 17.0 88.0 81.0 28.0 41.0 42.0 54.0 44.0 40.2 40.1 30.04 50.09 40.01 40.07 10.01 10.06 90.1 70.03 20.08 40.05 60.1 0.980533101458035
19.0 47.0 62.0 69.0 28.0 40.0 36.0 55.0 23.0 105.0 71.0 65.0 68.0 72.0 28.0 59.0 66.0 36.0 94.0 24.0 64.0 101.0 20.0 40.0 37.0 21.0 36.0 22.0 51.0 23.0 28.0 82.0 19.0 19.0 76.0 51.0 72.0 91.0 103.0 81.0 91.0 84.0 66.0 71.0 95.0 82.0 72.0 57.0 81.0 13.0 101.0 11.0 40.0 30.0 61.0 53.0 95.0 33.0 13.0 46.0 52.0 49.0 42.0 12.0 76.0 12.0 12.0 34.0 37.0 60.0 40.0 60.0 106.0 104.0 35.0 73.0 106.0 43.0 59.0 13.0 89.0 87.0 27.0 46.0 49.0 60.0 41.0 22.0 80.4 30.09 50.05 40.07 40.1 10.05 10.01 90.09 70.08 20.08 40.08 60.07 0.24808862029378853
14.0 50.0 67.0 66.0 23.0 36.0 31.0 58.0 24.0 107.0 80.0 65.0 67.0 74.0 23.0 55.0 68.0 40.0 96.0 26.0 66.0 106.0 17.0 34.0 39.0 22.0 32.0 21.0 53.0 22.0 29.0 85.0 12.0 17.0 76.0 53.0 75.0 98.0 101.0 86.0 94.0 83.0 62.0 75.0 92.0 83.0 76.0 52.0 87.0 20.0 101.0 15.0 36.0 23.0 68.0 54.0 93.0 33.0 14.0 43.0 60.0 45.0 48.0 15.0 76.0 17.0 12.0 38.0 35.0 58.0 33.0 58.0 102.0 109.0 33.0 73.0 106.0 45.0 60.0 14.0 83.0 81.0 21.0 49.0 44.0 54.0 50.0 21.0 48.0 60.3 50.02 40.05 40.07 10.08 10.01 90.03 70.1 20.1 40.06 60.04 0.5792247698556893
19.0 45.0 66.0 66.0 22.0 37.0 40.0 58.0 23.0 105.0 77.0 66.0 63.0 75.0 26.0 59.0 65.0 31.0 94.0 30.0 63.0 105.0 18.0 39.0 32.0 23.0 33.0 21.0 51.0 22.0 27.0 85.0 11.0 16.0 77.0 59.0 75.0 95.0 105.0 89.0 93.0 82.0 64.0 76.0 100.0 88.0 80.0 56.0 81.0 16.0 104.0 18.0 38.0 25.0 67.0 57.0 98.0 40.0 13.0 49.0 53.0 45.0 41.0 20.0 71.0 16.0 11.0 35.0 37.0 60.0 39.0 59.0 110.0 106.0 37.0 80.0 107.0 42.0 57.0 12.0 90.0 81.0 24.0 48.0 47.0 52.0 45.0 22.0 42.0 38.0 100.5 40.04 40.05 10.01 10.04 90.07 70.05 20.01 40.06 60.05 0.7309283998669047
18.0 49.0 69.0 64.0 23.0 38.0 32.0 57.0 21.0 108.0 77.0 64.0 69.0 79.0 26.0 53.0 68.0 37.0 100.0 25.0 67.0 102.0 11.0 38.0 38.0 23.0 38.0 21.0 57.0 23.0 27.0 87.0 12.0 14.0 74.0 53.0 76.0 91.0 105.0 87.0 92.0 87.0 67.0 73.0 95.0 86.0 78.0 60.0 86.0 16.0 103.0 14.0 33.0 22.0 67.0 58.0 93.0 35.0 11.0 50.0 56.0 50.0 49.0 18.0 79.0 17.0 14.0 33.0 32.0 59.0 39.0 54.0 102.0 104.0 36.0 72.0 109.0 44.0 55.0 15.0 85.0 86.0 25.0 47.0 41.0 55.0 49.0 27.0 45.0 34.0 60.0 80.4 40.03 10.02 10.02 90.08 70.01 20.1 40.05 60.08 0.5789513707016253
19.0 41.0 69.0 69.0 22.0 39.0 37.0 53.0 22.0 103.0 71.0 70.0 69.0 79.0 29.0 53.0 67.0 39.0 99.0 29.0 68.0 108.0 14.0 32.0 37.0 29.0 31.0 28.0 60.0 27.0 27.0 85.0 13.0 16.0 80.0 52.0 74.0 96.0 110.0 81.0 94.0 87.0 65.0 72.0 91.0 87.0 71.0 56.0 88.0 11.0 105.0 17.0 36.0 21.0 65.0 58.0 94.0 39.0 18.0 41.0 52.0 48.0 48.0 11.0 79.0 12.0 17.0 39.0 35.0 54.0 36.0 56.0 105.0 108.0 37.0 76.0 104.0 45.0 60.0 17.0 86.0 84.0 23.0 43.0 42.0 51.0 46.0 26.0 49.0 37.0 53.0 48.0 80.4 10.1 10.08 90.05 70.09 20.03 40.09 60.08 0.2920808855014666
20.0 50.0 61.0 64.0 28.0 35.0 38.0 52.0 26.0 101.0 74.0 66.0 61.0 71.0 24.0 57.0 62.0 32.0 95.0 24.0 66.0 110.0 16.0 31.0 33.0 23.0 31.0 24.0 59.0 30.0 23.0 84.0 16.0 20.0 71.0 55.0 75.0 97.0 110.0 86.0 91.0 88.0 68.0 75.0 95.0 83.0 71.0 52.0 87.0 13.0 109.0 17.0 31.0 26.0 66.0 52.0 98.0 31.0 13.0 45.0 57.0 47.0 41.0 11.0 72.0 16.0 20.0 34.0 32.0 58.0 40.0 60.0 108.0 106.0 33.0 75.0 103.0 45.0 51.0 13.0 84.0 90.0 30.0 47.0 50.0 60.0 48.0 26.0 42.0 35.0 53.0 48.0 42.0 20.1 10.09 90.09 70.08 20.08 40.07 60.03 0.7975442579647661
20.0 48.0 61.0 69.0 30.0 34.0 37.0 57.0 25.0 105.0 73.0 70.0 65.0 74.0 24.0 51.0 69.0 32.0 99.0 28.0 62.0 109.0 17.0 40.0 38.0 26.0 39.0 23.0 57.0 27.0 29.0 86.0 18.0 12.0 79.0 56.0 74.0 92.0 102.0 81.0 98.0 84.0 64.0 73.0 95.0 87.0 72.0 53.0 89.0 15.0 104.0 11.0 31.0 21.0 63.0 60.0 100.0 35.0 16.0 50.0 56.0 41.0 46.0 13.0 74.0 15.0 20.0 35.0 33.0 58.0 40.0 60.0 105.0 102.0 39.0 71.0 109.0 49.0 52.0 19.0 90.0 81.0 22.0 48.0 41.0 52.0 46.0 21.0 45.0 31.0 57.0 49.0 41.0 13.0 20.1 90.01 70.02 20.03 40.03 60.02 0.7323915684424244
13.0 50.0 62.0 68.0 26.0 33.0 37.0 58.0 30.0 104.0 77.0 64.0 68.0 76.0 29.0 56.0 61.0 37.0 96.0 23.0 68.0 108.0 15.0 39.0 31.0 23.0 32.0 25.0 56.0 27.0 21.0 87.0 15.0 16.0 72.0 56.0 80.0 91.0 106.0 89.0 96.0 82.0 68.0 80.0 97.0 85.0 75.0 59.0 81.0 17.0 110.0 14.0 39.0 27.0 69.0 55.0 99.0 31.0 16.0 43.0 55.0 43.0 42.0 11.0 76.0 14.0 13.0 36.0 31.0 54.0 32.0 60.0 101.0 110.0 37.0 80.0 106.0 47.0 51.0 19.0 88.0 89.0 28.0 43.0 47.0 57.0 47.0 24.0 41.0 31.0 57.0 42.0 48.0 14.0 20.0 180.9 70.09 20.05 40.07 60.08 0.3232484100221944
12.0 41.0 63.0 64.0 28.0 36.0 39.0 60.0 24.0 108.0 75.0 61.0 62.0 71.0 25.0 55.0 68.0 39.0 96.0 23.0 66.0 106.0 19.0 36.0 33.0 28.0 33.0 23.0 54.0 27.0 21.0 86.0 14.0 13.0 79.0 54.0 80.0 100.0 102.0 82.0 100.0 90.0 65.0 76.0 92.0 88.0 80.0 55.0 87.0 11.0 104.0 13.0 38.0 29.0 66.0 56.0 99.0 38.0 18.0 48.0 52.0 46.0 50.0 16.0 78.0 13.0 11.0 31.0 39.0 53.0 39.0 54.0 105.0 104.0 39.0 80.0 104.0 49.0 57.0 15.0 88.0 86.0 23.0 46.0 44.0 54.0 41.0 28.0 46.0 36.0 52.0 49.0 45.0 11.0 20.0 100.0 140.7 20.1 40.06 60.01 0.2532993724012166
12.0 47.0 64.0 68.0 29.0 31.0 37.0 52.0 26.0 110.0 71.0 63.0 63.0 80.0 26.0 55.0 61.0 35.0 96.0 23.0 69.0 104.0 11.0 39.0 32.0 22.0 39.0 22.0 55.0 27.0 25.0 81.0 17.0 14.0 75.0 52.0 75.0 93.0 103.0 83.0 97.0 86.0 66.0 73.0 97.0 81.0 79.0 57.0 81.0 18.0 105.0 14.0 37.0 25.0 69.0 58.0 94.0 40.0 16.0 43.0 55.0 45.0 43.0 19.0 80.0 12.0 20.0 34.0 31.0 54.0 40.0 55.0 103.0 103.0 35.0 72.0 108.0 45.0 59.0 14.0 85.0 83.0 27.0 48.0 47.0 56.0 48.0 24.0 48.0 39.0 56.0 49.0 43.0 19.0 11.0 91.0 76.0 40.2 40.09 60.01 0.03355032307639261
17.0 41.0 67.0 65.0 24.0 39.0 39.0 59.0 23.0 109.0 79.0 69.0 65.0 78.0 23.0 55.0 62.0 40.0 93.0 25.0 63.0 108.0 17.0 38.0 36.0 21.0 38.0 23.0 51.0 27.0 25.0 83.0 13.0 20.0 72.0 55.0 74.0 100.0 110.0 84.0 99.0 82.0 62.0 78.0 98.0 81.0 78.0 55.0 88.0 15.0 105.0 17.0 36.0 25.0 68.0 58.0 94.0 34.0 13.0 46.0 59.0 47.0 42.0 17.0 76.0 13.0 12.0 34.0 39.0 52.0 37.0 57.0 105.0 101.0 31.0 78.0 103.0 49.0 53.0 19.0 81.0 90.0 25.0 46.0 48.0 58.0 46.0 25.0 43.0 31.0 58.0 44.0 42.0 16.0 12.0 96.0 78.0 25.0 80.4 60.08 0.7421024769703486
20.0 47.0 70.0 66.0 29.0 33.0 32.0 51.0 27.0 102.0 74.0 64.0 68.0 80.0 26.0 55.0 61.0 40.0 93.0 28.0 69.0 101.0 12.0 37.0 40.0 24.0 36.0 23.0 56.0 30.0 27.0 87.0 20.0 17.0 72.0 59.0 75.0 99.0 102.0 88.0 96.0 86.0 64.0 73.0 100.0 89.0 77.0 57.0 81.0 14.0 107.0 11.0 39.0 29.0 61.0 53.0 92.0 35.0 11.0 42.0 55.0 43.0 44.0 12.0 76.0 19.0 13.0 36.0 31.0 54.0 31.0 54.0 108.0 110.0 32.0 72.0 110.0 44.0 54.0 19.0 87.0 82.0 29.0 49.0 42.0 54.0 42.0 23.0 49.0 39.0 53.0 46.0 48.0 11.0 15.0 95.0 75.0 23.0 42.0 120.6 0.4443595324148458
