25
30 5 7 7 3 10 9 9 7 1 1 1 6 5 9 8 9 9 4 4 2 3 9 2 2 0.8824433613162747
4 60 7 9 5 6 5 1 1 9 2 1 3 2 5 6 3 9 4 6 5 9 9 8 3 0.4209990400724163
1 10 30 10 5 7 10 10 6 1 6 8 8 6 2 6 7 6 8 6 8 10 4 10 5 0.06913803772098359
5 4 4 30 7 8 4 8 1 4 8 6 7 5 7 5 8 10 2 4 6 4 4 4 4 0.43610201760337586
7 9 2 5 60 7 5 9 4 5 7 6 9 7 1 5 8 2 3 9 10 3 1 1 5 0.387861138866455
6 7 2 4 9 90 7 5 4 6 2 5 10 10 4 1 10 9 9 5 1 5 5 2 3 0.29575978543286385
1 5 8 10 6 2 90 3 9 10 7 3 9 2 3 10 8 1 7 10 9 4 1 5 2 0.8128984514244627
3 8 3 8 7 9 9 80 10 5 6 2 10 9 5 2 3 5 2 2 3 10 8 1 6 0.15566865311816458
5 10 7 4 2 3 8 5 60 6 10 8 3 5 1 2 5 3 4 2 1 6 2 6 6 0.49338408199270123
10 10 7 9 6 4 9 5 6 60 4 2 5 3 10 8 10 10 7 9 6 1 7 4 9 0.26199591389786114
8 5 5 10 10 5 5 10 7 8 20 7 4 3 4 7 8 4 3 2 4 4 7 7 5 0.5054104308538199
7 9 9 8 9 10 7 8 8 4 9 60 3 9 1 2 3 10 5 5 3 8 10 6 4 0.9219670299037982
7 1 1 7 5 3 2 1 2 2 9 2 60 10 9 1 6 8 9 5 1 10 5 5 2 0.3364225041819793
9 9 9 4 8 8 8 7 1 7 1 10 3 100 9 10 8 2 4 7 1 10 9 9 8 0.9072601916677254
7 1 8 6 8 8 10 7 8 4 10 5 6 10 100 7 6 10 1 1 2 10 3 1 1 0.7588941710583581
8 9 5 5 5 7 4 3 7 9 4 5 8 8 4 50 5 9 9 9 6 1 4 1 1 0.8129981275239353
5 4 6 9 10 9 5 4 2 9 7 4 3 7 4 6 80 2 9 7 1 9 6 10 8 0.3371911336816682
7 8 9 2 7 8 2 7 10 4 9 10 1 10 3 7 7 60 9 5 2 8 5 7 4 0.1520346078830408
9 10 10 9 3 7 4 2 9 8 1 7 5 8 4 3 9 6 10 6 3 6 8 9 7 0.23048062124422908
9 1 5 6 1 6 9 4 3 3 6 7 5 8 1 5 6 4 10 90 2 10 6 2 2 0.4708801107955738
2 8 1 5 2 5 6 8 7 10 7 6 6 2 2 2 4 7 10 6 10 9 3 10 3 0.33716994609751816
2 8 8 10 9 4 3 5 1 5 5 6 10 8 4 6 2 7 1 10 9 70 9 2 7 0.3017881701236409
4 2 9 7 2 4 5 6 1 7 5 6 8 7 2 10 2 10 1 7 5 7 90 10 2 0.4144375781056553
7 5 10 10 10 2 8 2 6 7 3 4 3 1 5 4 2 3 8 4 9 3 7 40 1 0.5790057333404978
3 6 5 3 4 7 3 2 5 8 7 5 7 5 9 4 2 5 9 8 2 7 3 3 30 0.8668920695822343
