30
30 2 1 7 4 9 2 2 5 7 3 7 9 8 9 9 2 2 1 1 7 10 4 9 5 4 2 10 6 9 0.6642119889869496
1 60 7 1 8 6 5 6 1 10 2 5 10 4 10 5 7 8 7 3 10 1 10 6 7 2 10 10 10 7 0.42435444007465495
2 9 80 9 1 9 10 7 7 2 2 6 9 4 1 7 3 6 3 7 10 2 5 10 10 7 3 4 10 3 0.9023998380181613
3 2 1 50 1 5 10 5 8 9 2 6 3 7 8 3 3 1 6 10 3 1 4 4 8 5 8 5 4 1 0.4048991424169949
9 2 1 9 40 4 10 6 4 3 8 2 9 1 7 8 9 5 6 9 10 1 1 9 9 9 9 5 1 5 0.934958200417506
4 10 3 3 1 30 10 4 4 3 3 2 6 1 8 6 10 2 1 5 1 6 10 7 6 6 5 6 9 1 0.7872633257731684
2 10 9 8 8 6 10 9 10 5 7 3 10 10 4 9 5 9 9 7 9 4 10 3 4 4 6 6 8 10 0.22994447827715392
5 2 2 6 8 8 9 100 5 1 1 2 7 7 9 10 8 8 1 5 3 8 4 8 5 10 9 3 3 4 0.011982981994867914
8 9 8 9 3 1 10 9 10 10 1 9 6 3 8 1 6 9 10 4 5 2 2 1 6 1 4 5 6 4 0.33102226012978586
7 2 10 4 3 2 5 9 10 40 1 10 3 2 9 1 1 5 4 2 2 1 7 4 7 7 2 8 1 1 0.6101313693413123
6 1 3 6 8 4 9 7 8 1 100 9 2 6 7 4 1 9 4 9 4 8 6 6 2 1 2 9 6 2 0.35189835521377266
3 10 10 8 6 6 9 7 10 9 5 80 5 7 5 9 1 5 7 5 5 10 10 1 9 8 7 5 9 2 0.0858750732193535
9 10 7 7 10 9 10 1 5 10 2 5 70 5 2 10 5 2 9 6 7 10 10 9 4 10 8 1 2 6 0.503174930718126
5 9 5 1 8 1 3 5 9 4 2 2 10 30 8 5 1 2 5 9 2 6 1 10 10 7 10 3 5 10 0.6296810485668171
4 8 5 4 1 10 10 10 8 3 7 4 4 7 100 3 4 8 4 4 10 2 8 3 4 10 6 1 5 6 0.41287686068209795
5 6 3 1 10 8 9 4 10 1 10 8 1 7 9 10 3 4 3 4 4 8 1 4 6 6 10 2 7 8 0.1103581552598748
2 8 8 3 7 7 9 1 2 4 8 5 6 2 4 10 50 9 2 8 8 6 7 2 6 7 9 9 6 6 0.6257759153316629
4 1 1 8 6 5 1 4 5 1 7 4 10 8 8 3 2 60 7 1 8 3 3 1 2 7 8 5 4 10 0.35407136366338854
1 6 9 2 9 1 8 9 7 7 8 9 8 7 4 8 8 4 70 8 9 5 10 8 3 6 5 9 2 7 0.042041295880594465
5 1 5 5 6 2 3 1 10 8 1 2 8 7 4 9 4 6 9 60 7 3 6 7 5 1 3 3 9 8 0.11195620041516541
10 4 4 1 5 2 1 9 4 7 7 1 7 5 5 1 9 9 8 9 100 4 1 6 3 7 5 3 3 8 0.9230625094016951
7 3 5 5 9 5 1 4 3 4 8 1 10 3 2 9 8 2 4 7 5 60 4 8 5 6 1 5 7 5 0.19441720074199198
2 4 9 1 8 9 7 6 4 9 3 8 9 9 10 6 10 4 8 3 10 8 90 6 2 9 8 2 7 6 0.818468456157385
10 5 7 6 2 6 6 2 9 5 2 5 7 7 6 9 10 7 4 2 3 7 1 20 1 3 3 1 9 5 0.17430319331318034
8 5 7 9 1 1 10 8 9 4 10 6 7 1 2 5 10 4 5 4 6 1 8 4 20 10 6 3 7 8 0.39476191123001314
10 2 4 8 9 10 9 10 10 7 5 5 5 6 7 1 5 4 8 6 7 5 10 10 6 50 7 6 8 9 0.8545425261838451
6 7 8 6 6 6 9 8 7 3 9 6 10 2 7 7 9 6 8 8 3 1 4 5 2 2 20 9 4 7 0.839392650288956
5 1 7 3 6 2 2 6 6 9 6 10 5 4 9 6 9 6 5 6 9 4 9 10 10 7 3 40 2 10 0.7925980350964071
7 5 4 4 10 6 7 4 1 5 8 8 7 8 10 1 1 9 6 8 2 3 3 2 10 9 8 2 40 3 0.6076011195635647
5 5 4 8 10 4 5 3 5 3 2 9 4 5 7 3 7 2 9 8 9 5 10 9 4 7 7 1 2 80 0.5726322932837108
