50
120.6 60.09 50.03 10.04 40.06 70.1 10.08 60.09 90.05 20.06 30.03 70.04 90.05 20.08 80.06 50.02 10.02 70.05 80.02 100.01 100.1 30.09 80.02 50.06 10.04 20.06 20.06 90.1 50.04 60.05 30.06 10.06 40.1 90.09 20.01 90.09 70.07 60.08 60.04 80.03 60.09 40.09 70.08 60.1 70.03 80.03 70.1 70.02 60.08 50.02 0.01176738796347565
65.0 120.6 50.08 10.03 40.01 70.06 10.02 60.02 90.06 20.05 30.1 70.09 90.06 20.04 80.04 50.08 10.04 70.1 80.04 100.03 100.1 30.05 80.05 50.05 10.1 20.05 20.01 90.04 50.06 60.03 30.1 10.08 40.06 90.1 20.07 90.08 70.06 60.05 60.07 80.04 60.01 40.04 70.05 60.01 70.08 80.05 70.06 70.03 60.07 50.08 0.9597511651158466
62.0 62.0 100.5 10.04 40.06 70.03 10.06 60.02 90.08 20.06 30.01 70.04 90.08 20.05 80.09 50.01 10.05 70.1 80.03 100.01 100.1 30.06 80.07 50.08 10.1 20.03 20.08 90.04 50.02 60.1 30.07 10.07 40.09 90.01 20.03 90.05 70.03 60.05 60.02 80.05 60.03 40.02 70.01 60.05 70.05 80.05 70.1 70.02 60.08 50.03 0.1860077152940901
64.0 61.0 53.0 20.1 40.02 70.06 10.01 60.05 90.03 20.09 30.1 70.04 90.06 20.09 80.1 50.02 10.04 70.08 80.05 100.08 100.01 30.1 80.09 50.1 10.04 20.03 20.03 90.01 50.04 60.04 30.06 10.07 40.07 90.07 20.01 90.01 70.06 60.02 60.08 80.08 60.07 40.04 70.05 60.09 70.08 80.02 70.05 70.09 60.08 50.02 0.4569333041256034
65.0 67.0 60.0 12.0 80.4 70.04 10.01 60.02 90.01 20.02 30.03 70.05 90.05 20.02 80.03 50.07 10.07 70.02 80.05 100.07 100.02 30.04 80.07 50.1 10.03 20.01 20.04 90.1 50.02 60.08 30.01 10.04 40.1 90.07 20.06 90.08 70.07 60.04 60.01 80.03 60.06 40.01 70.1 60.01 70.02 80.02 70.07 70.03 60.01 50.05 0.5750643215406089
67.0 61.0 51.0 20.0 49.0 140.7 10.04 60.08 90.03 20.03 30.03 70.01 90.01 20.01 80.06 50.09 10.04 70.07 80.07 100.1 100.08 30.02 80.03 50.07 10.04 20.07 20.03 90.02 50.07 60.09 30.08 10.01 40.01 90.07 20.09 90.04 70.09 60.03 60.08 80.1 60.1 40.06 70.02 60.1 70.08 80.01 70.03 70.02 60.1 50.05 0.8468205909713099
65.0 64.0 51.0 18.0 41.0 79.0 20.1 60.05 90.03 20.06 30.04 70.1 90.01 20.09 80.01 50.01 10.06 70.09 80.01 100.07 100.09 30.01 80.05 50.09 10.04 20.1 20.04 90.02 50.03 60.1 30.08 10.1 40.01 90.07 20.05 90.02 70.04 60.09 60.06 80.07 60.07 40.09 70.03 60.06 70.05 80.03 70.02 70.09 60.1 50.02 0.2637086990059786
66.0 65.0 55.0 17.0 41.0 71.0 12.0 120.6 90.08 20.08 30.1 70.02 90.06 20.1 80.05 50.08 10.09 70.03 80.1 100.1 100.02 30.01 80.07 50.03 10.02 20.1 20.09 90.06 50.03 60.03 30.09 10.1 40.07 90.09 20.06 90.01 70.03 60.02 60.08 80.03 60.01 40.05 70.09 60.03 70.05 80.06 70.08 70.04 60.09 50.02 0.4870756994876394
61.0 61.0 52.0 13.0 45.0 77.0 16.0 68.0 180.9 20.06 30.08 70.06 90.05 20.01 80.08 50.01 10.07 70.07 80.1 100.06 100.1 30.08 80.01 50.06 10.02 20.09 20.02 90.03 50.06 60.05 30.07 10.09 40.1 90.01 20.02 90.08 70.03 60.08 60.09 80.02 60.09 40.09 70.05 60.07 70.07 80.05 70.04 70.05 60.01 50.05 0.3616850633970856
64.0 65.0 60.0 16.0 44.0 73.0 15.0 64.0 97.0 40.2 30.03 70.01 90.01 20.09 80.09 50.07 10.1 70.07 80.06 100.08 100.08 30.05 80.05 50.1 10.02 20.02 20.09 90.09 50.06 60.05 30.09 10.05 40.09 90.02 20.06 90.02 70.05 60.08 60.03 80.04 60.03 40.01 70.06 60.05 70.08 80.02 70.09 70.08 60.09 50.1 0.21818070359420616
69.0 66.0 56.0 20.0 47.0 77.0 17.0 66.0 95.0 29.0 60.3 70.08 90.06 20.04 80.04 50.07 10.02 70.01 80.07 100.02 100.09 30.06 80.1 50.01 10.02 20.04 20.08 90.06 50.05 60.1 30.01 10.09 40.07 90.07 20.05 90.05 70.02 60.1 60.04 80.1 60.04 40.06 70.09 60.07 70.1 80.08 70.09 70.01 60.05 50.09 0.09995437432600118
70.0 67.0 56.0 14.0 46.0 77.0 15.0 64.0 94.0 30.0 39.0 140.7 90.09 20.08 80.1 50.03 10.08 70.03 80.1 100.02 100.04 30.04 80.1 50.05 10.01 20.05 20.09 90.05 50.05 60.06 30.05 10.01 40.08 90.03 20.09 90.08 70.08 60.02 60.03 80.09 60.07 40.05 70.08 60.01 70.04 80.07 70.08 70.08 60.08 50.09 0.09899739259295981
63.0 63.0 56.0 17.0 41.0 75.0 16.0 61.0 97.0 21.0 38.0 77.0 180.9 20.08 80.06 50.05 10.04 70.07 80.02 100.05 100.06 30.02 80.04 50.08 10.01 20.05 20.02 90.05 50.04 60.07 30.04 10.06 40.08 90.02 20.06 90.07 70.07 60.06 60.1 80.03 60.02 40.05 70.09 60.09 70.04 80.03 70.03 70.01 60.05 50.1 0.033596841896549434
68.0 63.0 60.0 17.0 50.0 73.0 17.0 64.0 95.0 28.0 34.0 78.0 98.0 40.2 80.08 50.02 10.09 70.03 80.03 100.01 100.03 30.05 80.04 50.08 10.1 20.07 20.09 90.1 50.1 60.03 30.08 10.1 40.01 90.07 20.07 90.04 70.03 60.04 60.05 80.07 60.08 40.06 70.04 60.02 70.02 80.07 70.1 70.06 60.1 50.1 0.08642646049544178
70.0 61.0 57.0 11.0 49.0 73.0 20.0 63.0 91.0 26.0 32.0 74.0 94.0 21.0 160.8 50.02 10.01 70.06 80.08 100.02 100.07 30.03 80.01 50.01 10.06 20.03 20.02 90.06 50.08 60.09 30.1 10.07 40.01 90.05 20.09 90.09 70.05 60.05 60.09 80.02 60.08 40.1 70.02 60.1 70.05 80.1 70.1 70.07 60.07 50.02 0.8198527805888983
69.0 66.0 56.0 11.0 47.0 74.0 18.0 68.0 94.0 25.0 38.0 80.0 91.0 22.0 87.0 100.5 10.04 70.08 80.03 100.04 100.01 30.1 80.06 50.04 10.07 20.07 20.05 90.05 50.08 60.07 30.06 10.06 40.02 90.08 20.05 90.07 70.1 60.06 60.08 80.04 60.09 40.06 70.01 60.03 70.01 80.09 70.05 70.05 60.05 50.1 0.9621009603730113
70.0 62.0 55.0 16.0 45.0 71.0 20.0 63.0 91.0 22.0 31.0 80.0 94.0 22.0 83.0 56.0 20.1 70.06 80.07 100.03 100.02 30.04 80.03 50.02 10.07 20.08 20.07 90.01 50.1 60.07 30.08 10.07 40.06 90.09 20.04 90.05 70.1 60.08 60.08 80.1 60.07 40.04 70.09 60.05 70.04 80.09 70.04 70.06 60.01 50.02 0.6906389036082249
62.0 64.0 52.0 14.0 48.0 80.0 12.0 67.0 92.0 28.0 35.0 80.0 93.0 25.0 87.0 51.0 20.0 140.7 80.02 100.1 100.02 30.01 80.05 50.1 10.06 20.1 20.06 90.01 50.03 60.1 30.09 10.07 40.06 90.06 20.02 90.08 70.01 60.07 60.01 80.09 60.01 40.1 70.01 60.06 70.09 80.08 70.02 70.04 60.03 50.02 0.11528626785811236
67.0 63.0 55.0 14.0 48.0 77.0 15.0 68.0 97.0 30.0 40.0 79.0 94.0 26.0 83.0 60.0 15.0 80.0 160.8 100.08 100.06 30.05 80.06 50.06 10.04 20.08 20.01 90.08 50.08 60.05 30.05 10.04 40.07 90.09 20.1 90.04 70.03 60.05 60.09 80.06 60.05 40.05 70.1 60.07 70.1 80.07 70.08 70.07 60.02 50.02 0.33765745995230134
68.0 67.0 55.0 17.0 46.0 73.0 15.0 61.0 94.0 29.0 38.0 72.0 92.0 24.0 90.0 51.0 14.0 77.0 86.0 201.0 100.09 30.02 80.06 50.02 10.04 20.02 20.04 90.08 50.08 60.03 30.1 10.07 40.05 90.08 20.1 90.01 70.01 60.1 60.07 80.01 60.07 40.05 70.08 60.07 70.04 80.03 70.02 70.04 60.07 50.03 0.5152611322440617
65.0 61.0 55.0 17.0 47.0 80.0 16.0 63.0 96.0 21.0 33.0 74.0 92.0 27.0 90.0 60.0 16.0 73.0 89.0 103.0 201.0 30.08 80.04 50.06 10.09 20.09 20.07 90.09 50.01 60.02 30.05 10.03 40.04 90.09 20.01 90.07 70.07 60.04 60.05 80.06 60.01 40.02 70.06 60.08 70.07 80.09 70.1 70.07 60.03 50.01 0.05837869847209909
62.0 65.0 52.0 14.0 46.0 79.0 19.0 70.0 95.0 28.0 37.0 77.0 97.0 27.0 84.0 59.0 14.0 78.0 85.0 103.0 102.0 60.3 80.03 50.07 10.08 20.02 20.08 90.09 50.04 60.02 30.03 10.08 40.04 90.01 20.02 90.08 70.07 60.09 60.03 80.06 60.1 40.09 70.08 60.09 70.03 80.06 70.06 70.02 60.04 50.1 0.9844874813926244
62.0 66.0 56.0 12.0 50.0 75.0 16.0 66.0 98.0 28.0 38.0 71.0 92.0 30.0 88.0 52.0 13.0 78.0 82.0 101.0 110.0 32.0 160.8 50.01 10.05 20.05 20.05 90.04 50.07 60.06 30.07 10.01 40.09 90.03 20.01 90.01 70.01 60.01 60.1 80.07 60.09 40.1 70.03 60.07 70.08 80.05 70.03 70.1 60.02 50.03 0.23664335020358263
61.0 65.0 55.0 17.0 41.0 79.0 13.0 67.0 94.0 23.0 31.0 74.0 92.0 25.0 88.0 58.0 15.0 76.0 86.0 101.0 103.0 31.0 88.0 100.5 10.01 20.04 20.07 90.02 50.03 60.06 30.03 10.07 40.05 90.07 20.01 90.01 70.06 60.02 60.1 80.08 60.07 40.01 70.01 60.05 70.05 80.07 70.06 70.08 60.07 50.08 0.12898752164081584
64.0 61.0 51.0 13.0 46.0 71.0 16.0 63.0 99.0 23.0 31.0 74.0 97.0 25.0 86.0 51.0 17.0 77.0 87.0 108.0 104.0 39.0 86.0 54.0 20.1 20.05 20.08 90.09 50.1 60.02 30.04 10.1 40.06 90.01 20.07 90.06 70.08 60.02 60.05 80.08 60.04 40.08 70.08 60.04 70.05 80.07 70.1 70.03 60.06 50.09 0.8922251485767001
68.0 61.0 57.0 16.0 50.0 72.0 14.0 70.0 91.0 22.0 40.0 74.0 94.0 24.0 81.0 58.0 13.0 73.0 88.0 106.0 102.0 35.0 83.0 52.0 11.0 40.2 20.08 90.05 50.05 60.1 30.1 10.02 40.01 90.03 20.06 90.06 70.08 60.09 60.07 80.1 60.06 40.06 70.03 60.04 70.06 80.01 70.09 70.1 60.03 50.04 0.4644689010841411
63.0 64.0 55.0 17.0 48.0 71.0 19.0 67.0 94.0 23.0 37.0 78.0 98.0 30.0 89.0 56.0 20.0 77.0 87.0 105.0 107.0 31.0 90.0 55.0 16.0 25.0 40.2 90.1 50.01 60.02 30.08 10.04 40.06 90.07 20.05 90.01 70.04 60.09 60.08 80.04 60.01 40.04 70.03 60.07 70.1 80.04 70.07 70.02 60.01 50.02 0.292270735289589
69.0 64.0 56.0 18.0 46.0 74.0 14.0 62.0 94.0 22.0 38.0 72.0 98.0 21.0 84.0 51.0 16.0 79.0 87.0 107.0 102.0 39.0 84.0 59.0 13.0 22.0 26.0 180.9 50.05 60.02 30.09 10.02 40.03 90.05 20.02 90.06 70.09 60.1 60.08 80.1 60.05 40.01 70.03 60.03 70.08 80.07 70.04 70.09 60.03 50.04 0.6620717450486853
64.0 70.0 55.0 15.0 44.0 75.0 13.0 64.0 92.0 29.0 34.0 79.0 100.0 25.0 90.0 57.0 12.0 76.0 89.0 108.0 107.0 40.0 85.0 52.0 12.0 25.0 26.0 100.0 100.5 60.08 30.05 10.08 40.03 90.01 20.08 90.03 70.06 60.08 60.08 80.01 60.01 40.09 70.05 60.07 70.1 80.02 70.07 70.03 60.07 50.01 0.2571939049227091
64.0 62.0 55.0 19.0 41.0 75.0 19.0 70.0 92.0 25.0 31.0 72.0 94.0 26.0 81.0 59.0 14.0 79.0 81.0 103.0 106.0 37.0 86.0 56.0 17.0 23.0 28.0 98.0 54.0 120.6 30.05 10.05 40.06 90.02 20.03 90.07 70.1 60.06 60.03 80.02 60.04 40.06 70.01 60.08 70.05 80.01 70.07 70.09 60.06 50.06 0.5841064972197685
66.0 69.0 52.0 19.0 50.0 79.0 11.0 70.0 96.0 21.0 40.0 78.0 96.0 27.0 84.0 53.0 12.0 71.0 82.0 109.0 108.0 36.0 85.0 58.0 12.0 24.0 21.0 96.0 56.0 66.0 60.3 10.06 40.04 90.07 20.06 90.03 70.04 60.03 60.04 80.09 60.1 40.01 70.06 60.05 70.1 80.1 70.02 70.02 60.01 50.07 0.4928840894102666
66.0 63.0 57.0 11.0 44.0 77.0 15.0 61.0 98.0 23.0 37.0 80.0 91.0 24.0 90.0 57.0 18.0 80.0 83.0 108.0 103.0 34.0 90.0 57.0 16.0 23.0 30.0 96.0 59.0 67.0 33.0 20.1 40.03 90.03 20.01 90.03 70.01 60.01 60.1 80.1 60.04 40.09 70.02 60.07 70.05 80.1 70.07 70.01 60.02 50.1 0.9791544933827264
67.0 67.0 54.0 20.0 46.0 73.0 16.0 70.0 97.0 23.0 40.0 79.0 92.0 28.0 82.0 60.0 17.0 80.0 84.0 105.0 110.0 34.0 81.0 52.0 11.0 26.0 25.0 96.0 51.0 70.0 36.0 17.0 80.4 90.05 20.06 90.07 70.06 60.08 60.07 80.1 60.05 40.02 70.05 60.08 70.04 80.04 70.01 70.01 60.02 50.05 0.3899569794660497
62.0 66.0 52.0 13.0 48.0 76.0 15.0 70.0 98.0 23.0 39.0 77.0 94.0 25.0 81.0 53.0 20.0 80.0 87.0 105.0 104.0 38.0 86.0 52.0 17.0 24.0 26.0 98.0 52.0 63.0 38.0 18.0 47.0 180.9 20.05 90.07 70.07 60.09 60.1 80.05 60.04 40.09 70.02 60.01 70.02 80.06 70.09 70.03 60.01 50.09 0.3734969314422586
63.0 61.0 58.0 12.0 42.0 75.0 11.0 62.0 92.0 22.0 40.0 77.0 98.0 26.0 82.0 57.0 16.0 76.0 88.0 107.0 102.0 40.0 83.0 57.0 12.0 24.0 29.0 91.0 60.0 70.0 38.0 14.0 49.0 94.0 40.2 90.07 70.04 60.09 60.09 80.01 60.02 40.05 70.06 60.04 70.01 80.09 70.05 70.08 60.1 50.04 0.302688320242663
62.0 63.0 54.0 12.0 42.0 76.0 15.0 62.0 97.0 23.0 40.0 76.0 91.0 28.0 81.0 55.0 13.0 75.0 84.0 102.0 104.0 38.0 83.0 51.0 14.0 23.0 25.0 97.0 53.0 64.0 37.0 13.0 48.0 93.0 22.0 180.9 70.05 60.08 60.09 80.1 60.05 40.03 70.01 60.09 70.09 80.1 70.03 70.06 60.05 50.04 0.23352376121829532
65.0 63.0 51.0 11.0 43.0 78.0 15.0 63.0 100.0 26.0 36.0 80.0 99.0 23.0 88.0 56.0 19.0 75.0 87.0 103.0 110.0 32.0 83.0 54.0 11.0 27.0 27.0 93.0 53.0 62.0 33.0 16.0 45.0 92.0 22.0 96.0 140.7 60.1 60.07 80.01 60.06 40.04 70.02 60.04 70.06 80.07 70.09 70.09 60.02 50.09 0.4043787098977404
65.0 69.0 58.0 12.0 41.0 78.0 12.0 70.0 94.0 24.0 35.0 77.0 94.0 26.0 90.0 56.0 11.0 79.0 81.0 109.0 106.0 39.0 86.0 53.0 15.0 29.0 23.0 99.0 55.0 63.0 32.0 14.0 45.0 94.0 23.0 93.0 77.0 120.6 60.04 80.09 60.05 40.07 70.04 60.02 70.05 80.02 70.06 70.1 60.01 50.09 0.9420036084171818
65.0 68.0 56.0 18.0 41.0 77.0 18.0 64.0 95.0 21.0 39.0 72.0 100.0 22.0 87.0 55.0 18.0 80.0 85.0 107.0 102.0 34.0 88.0 51.0 13.0 21.0 25.0 97.0 56.0 63.0 33.0 14.0 47.0 91.0 27.0 97.0 78.0 69.0 120.6 80.08 60.1 40.03 70.07 60.01 70.02 80.02 70.08 70.01 60.06 50.1 0.6046600038274313
64.0 69.0 56.0 11.0 48.0 75.0 18.0 67.0 97.0 23.0 38.0 78.0 95.0 27.0 90.0 60.0 11.0 80.0 88.0 108.0 108.0 31.0 87.0 53.0 19.0 22.0 28.0 93.0 56.0 67.0 32.0 16.0 44.0 96.0 22.0 92.0 73.0 67.0 63.0 160.8 60.09 40.07 70.09 60.01 70.02 80.01 70.08 70.07 60.06 50.1 0.6087251812871564
65.0 64.0 60.0 14.0 49.0 77.0 18.0 69.0 91.0 24.0 32.0 75.0 96.0 23.0 84.0 60.0 20.0 75.0 90.0 109.0 101.0 31.0 83.0 53.0 15.0 22.0 22.0 91.0 51.0 66.0 36.0 14.0 42.0 97.0 25.0 92.0 79.0 66.0 63.0 90.0 120.6 40.06 70.09 60.05 70.03 80.07 70.09 70.02 60.09 50.03 0.20973348676320624
62.0 68.0 59.0 17.0 48.0 78.0 18.0 63.0 94.0 26.0 37.0 77.0 97.0 30.0 84.0 59.0 15.0 71.0 84.0 105.0 108.0 31.0 83.0 53.0 16.0 28.0 25.0 100.0 51.0 62.0 33.0 12.0 46.0 93.0 29.0 92.0 76.0 69.0 61.0 89.0 70.0 80.4 70.06 60.09 70.08 80.01 70.07 70.04 60.07 50.08 0.04290078944273512
64.0 62.0 54.0 13.0 47.0 74.0 15.0 64.0 91.0 30.0 33.0 78.0 100.0 24.0 90.0 56.0 15.0 76.0 89.0 110.0 101.0 38.0 85.0 60.0 17.0 27.0 25.0 100.0 57.0 70.0 35.0 19.0 44.0 94.0 21.0 92.0 79.0 70.0 62.0 82.0 61.0 44.0 140.7 60.01 70.02 80.01 70.07 70.05 60.03 50.06 0.8448179851046336
67.0 67.0 55.0 18.0 45.0 80.0 20.0 64.0 98.0 24.0 33.0 74.0 95.0 25.0 88.0 60.0 20.0 72.0 90.0 106.0 106.0 31.0 83.0 59.0 13.0 24.0 29.0 93.0 52.0 68.0 31.0 17.0 50.0 96.0 25.0 97.0 73.0 69.0 65.0 87.0 66.0 47.0 74.0 120.6 70.02 80.02 70.07 70.1 60.02 50.07 0.88397782851805
69.0 69.0 57.0 11.0 49.0 72.0 17.0 61.0 96.0 28.0 34.0 73.0 93.0 25.0 89.0 56.0 18.0 71.0 90.0 108.0 103.0 39.0 83.0 58.0 13.0 30.0 25.0 92.0 59.0 65.0 39.0 14.0 46.0 98.0 25.0 91.0 79.0 68.0 70.0 90.0 63.0 48.0 72.0 61.0 140.7 80.07 70.08 70.08 60.1 50.09 0.33400649244375413
68.0 65.0 53.0 12.0 42.0 76.0 20.0 64.0 100.0 21.0 33.0 75.0 91.0 29.0 85.0 58.0 15.0 80.0 88.0 103.0 109.0 32.0 89.0 55.0 18.0 30.0 29.0 94.0 51.0 61.0 32.0 14.0 46.0 96.0 22.0 92.0 80.0 65.0 69.0 90.0 65.0 44.0 80.0 67.0 72.0 160.8 70.01 70.07 60.01 50.02 0.9869869811034325
70.0 62.0 59.0 13.0 49.0 78.0 15.0 64.0 91.0 28.0 37.0 73.0 98.0 22.0 87.0 58.0 13.0 75.0 90.0 110.0 102.0 40.0 83.0 51.0 13.0 21.0 24.0 99.0 58.0 67.0 39.0 17.0 47.0 94.0 25.0 95.0 74.0 67.0 61.0 90.0 63.0 44.0 71.0 68.0 76.0 90.0 140.7 70.02 60.05 50.02 0.8962985208171466
64.0 62.0 53.0 19.0 42.0 75.0 11.0 66.0 100.0 23.0 35.0 72.0 95.0 29.0 82.0 58.0 16.0 71.0 84.0 101.0 103.0 33.0 85.0 59.0 11.0 21.0 29.0 91.0 59.0 70.0 36.0 15.0 41.0 92.0 26.0 94.0 74.0 61.0 68.0 82.0 70.0 41.0 78.0 66.0 73.0 88.0 76.0 140.7 60.09 50.06 0.3332379090427655
70.0 64.0 51.0 15.0 50.0 79.0 17.0 66.0 100.0 21.0 33.0 79.0 96.0 26.0 89.0 57.0 12.0 78.0 90.0 102.0 109.0 31.0 84.0 52.0 16.0 30.0 21.0 92.0 52.0 69.0 39.0 18.0 50.0 94.0 29.0 94.0 80.0 62.0 69.0 81.0 61.0 42.0 80.0 64.0 75.0 87.0 80.0 79.0 120.6 50.04 0.559063103467212
66.0 66.0 58.0 18.0 47.0 77.0 15.0 67.0 91.0 23.0 40.0 74.0 96.0 27.0 87.0 55.0 16.0 72.0 89.0 110.0 107.0 32.0 83.0 55.0 11.0 24.0 26.0 97.0 58.0 62.0 34.0 13.0 45.0 91.0 28.0 100.0 71.0 66.0 64.0 84.0 64.0 45.0 80.0 69.0 74.0 86.0 72.0 77.0 61.0 100.5 0.266132711213549
