15
20 7 10 6 3 10 2 8 5 4 7 7 10 5 3 0.786490158913635
4 40 3 10 10 1 6 7 10 5 2 6 8 1 8 0.27017816206014766
2 8 100 4 3 3 7 9 1 8 2 10 8 2 4 0.38759997279427794
4 10 5 20 4 10 8 8 10 8 4 6 7 9 9 0.7725842319555314
8 5 8 1 100 8 10 7 4 3 4 9 7 7 2 0.5587983569837804
1 1 5 4 1 40 4 4 3 7 1 2 1 4 1 0.13886104534853272
1 7 1 4 10 7 70 1 10 5 10 1 4 1 3 0.0029491520269323557
3 10 8 3 2 4 7 90 5 7 9 2 7 8 5 0.7448251993630799
8 4 9 5 3 6 7 4 20 1 8 3 5 8 9 0.8286335509052878
8 5 3 6 6 7 2 2 6 20 2 4 1 6 10 0.36566971102395096
7 9 6 1 10 10 2 6 8 6 50 10 8 6 4 0.38912775935801236
3 1 4 10 4 1 3 5 2 6 2 40 8 9 4 0.22104845936960815
3 6 5 10 1 1 9 8 5 7 5 9 40 6 4 0.9994101678810464
3 3 3 9 4 8 6 6 9 9 3 8 1 20 10 0.1814794175620248
7 1 7 6 1 3 3 10 1 6 10 5 9 9 100 0.5849859176536472
