25
90 9 10 2 10 4 8 3 9 3 4 1 4 9 8 4 2 10 8 6 5 1 10 6 5 0.8996524591911969
1 90 8 10 5 3 6 2 2 10 4 8 6 8 10 3 3 5 10 8 2 2 4 4 4 0.8671546793474211
10 6 80 4 6 8 2 2 7 4 6 3 9 5 2 4 10 8 7 6 4 1 5 2 8 0.4929409674435371
2 1 8 70 5 1 4 7 5 8 8 6 8 5 6 5 4 9 5 9 6 1 10 9 7 0.6551801460519704
9 9 5 9 40 5 4 7 2 4 3 4 3 4 2 5 3 3 10 9 3 7 2 2 6 0.13733866150251262
3 2 7 8 3 30 10 5 2 9 9 3 9 9 5 5 9 5 2 1 6 1 2 4 8 0.4569873141524565
9 7 8 6 8 1 50 3 4 6 2 6 7 1 7 4 9 9 3 5 4 10 8 3 9 0.6591583864437472
1 2 4 9 2 1 4 10 3 10 8 2 5 8 9 1 7 5 10 7 6 6 8 6 9 0.17155849597677186
3 3 2 7 7 5 2 2 40 9 1 10 5 7 9 5 5 6 1 2 8 5 4 5 9 0.8864555135432938
7 5 9 1 8 3 5 4 3 90 2 2 7 5 10 4 8 2 3 8 4 3 6 5 2 0.38599656921122594
1 9 6 9 3 6 3 1 6 10 70 4 9 8 1 1 3 6 1 10 10 3 5 6 9 0.29206477575431955
3 3 1 4 9 6 10 9 10 4 8 50 4 7 6 1 7 9 9 4 1 5 5 4 6 0.29981776575378005
6 5 1 2 3 1 7 5 8 8 8 9 30 6 8 10 2 9 3 3 8 5 8 5 4 0.7268375875674787
2 1 4 6 3 4 3 4 2 7 4 4 7 30 1 2 8 8 2 8 8 9 9 2 5 0.849675806693347
7 1 5 6 8 10 8 6 2 4 1 1 4 6 20 6 7 3 6 2 9 3 7 6 3 0.07341978467923127
3 4 8 7 6 4 10 8 7 9 3 7 7 2 6 50 6 10 8 4 10 9 9 7 7 0.9529111926941456
8 4 10 10 6 7 5 10 6 6 8 1 4 5 5 4 70 7 3 8 7 8 8 2 7 0.582357860066486
9 8 4 8 2 3 10 9 9 6 9 10 3 5 8 8 4 100 5 3 8 3 6 2 5 0.17664144530407633
9 10 9 5 3 7 9 10 7 8 3 2 9 2 3 2 3 8 90 10 2 7 3 7 2 0.12224463325255164
8 3 2 9 6 4 2 9 8 7 2 3 1 10 3 6 9 4 7 10 6 3 9 2 10 0.5378850078429167
7 3 4 7 4 7 2 6 6 10 3 8 7 1 1 4 4 3 4 3 80 10 9 8 3 0.5497503200155951
9 5 10 8 3 3 9 7 8 2 1 4 1 1 6 9 3 10 9 4 8 90 4 5 9 0.3818595595226607
4 9 3 9 6 3 1 10 10 4 1 9 8 8 6 9 4 9 10 1 1 1 70 1 2 0.3499038036905775
4 2 1 7 7 1 8 1 10 3 5 5 8 10 5 2 9 8 4 5 9 2 7 10 10 0.8757551235138614
3 9 5 5 6 4 10 9 4 3 5 5 8 6 8 3 1 10 5 7 7 9 5 2 30 0.8429339593860206
